Image image-0.png :
<function ColorMoments at 0x7f5186df18c0> :
1.470781250000000000e+02
4.150425338745117188e+01
-5.505471229553222656e-01
1.960937500000000000e+02
4.512893676757812500e+00
-7.120791077613830566e-01
2.039218750000000000e+02
3.696724414825439453e+00
4.033221900463104248e-01
2.235312500000000000e+02
6.454089641571044922e+00
-5.349487066268920898e-01
2.142031250000000000e+02
8.637092590332031250e+00
-1.895626038312911987e-01
2.033593750000000000e+02
4.388789653778076172e+00
-1.248936653137207031e+00
2.026875000000000000e+02
5.237709045410156250e+00
-9.836805462837219238e-01
1.337187500000000000e+02
4.289211273193359375e+01
-1.748792976140975952e-01
1.486875000000000000e+02
4.192175674438476562e+01
-1.182695984840393066e+00
1.793125000000000000e+02
2.199991035461425781e+01
-8.189925551414489746e-01
1.669843750000000000e+02
2.959280586242675781e+01
-1.180222153663635254e+00
2.086718750000000000e+02
8.538616180419921875e+00
-9.265456795692443848e-01
2.024531250000000000e+02
8.576730728149414062e+00
-7.792033553123474121e-01
1.571718750000000000e+02
2.706332588195800781e+01
-5.360501408576965332e-01
1.753906250000000000e+02
2.714003944396972656e+01
-2.120707035064697266e+00
1.360156250000000000e+02
4.889065933227539062e+01
-1.021905779838562012e+00
1.835625000000000000e+02
2.778819084167480469e+01
-2.256008386611938477e+00
1.747031250000000000e+02
3.890921783447265625e+01
-5.135688781738281250e-01
1.481093750000000000e+02
2.656602287292480469e+01
-1.132661461830139160e+00
1.853750000000000000e+02
1.785488319396972656e+01
-8.366415500640869141e-01
1.855156250000000000e+02
2.543373298645019531e+01
-4.239116609096527100e-01
1.541562500000000000e+02
2.034485435485839844e+01
-5.397547483444213867e-01
1.554687500000000000e+02
3.691754531860351562e+01
-1.182101845741271973e+00
1.706718750000000000e+02
2.955136299133300781e+01
-2.687726974487304688e+00
1.921093750000000000e+02
1.504173088073730469e+01
-4.121543467044830322e-01
1.982812500000000000e+02
5.874917030334472656e+00
4.721968621015548706e-02
1.957656250000000000e+02
1.174300575256347656e+01
2.861626148223876953e-01
1.919218750000000000e+02
8.750543594360351562e+00
-7.175428867340087891e-01
1.990156250000000000e+02
1.162364578247070312e+01
-9.849452376365661621e-01
1.826250000000000000e+02
1.047541809082031250e+01
6.388912349939346313e-02
1.904843750000000000e+02
7.619859218597412109e+00
-4.297348260879516602e-01
1.848281250000000000e+02
1.415931129455566406e+01
-6.730892062187194824e-01
1.861562500000000000e+02
4.844204711914062500e+01
-2.455044507980346680e+00
2.180156250000000000e+02
7.144692420959472656e+00
-2.638268768787384033e-01
2.051250000000000000e+02
7.884914398193359375e+00
-2.550075054168701172e+00
1.968906250000000000e+02
1.749385261535644531e+01
-3.325549662113189697e-01
1.904375000000000000e+02
2.146354103088378906e+01
-7.519586682319641113e-01
2.010781250000000000e+02
1.162473773956298828e+01
-1.471984148025512695e+00
2.079218750000000000e+02
6.005998611450195312e+00
-1.412775274366140366e-02
1.735156250000000000e+02
3.213253402709960938e+01
-2.574257373809814453e+00
1.254843750000000000e+02
8.464133453369140625e+01
-1.259875744581222534e-01
2.303281250000000000e+02
4.468832015991210938e+00
-2.926294803619384766e-01
2.098437500000000000e+02
1.014152812957763672e+01
-4.065588712692260742e-01
1.873906250000000000e+02
1.363086700439453125e+01
-1.084218323230743408e-01
1.847500000000000000e+02
9.770811080932617188e+00
5.972396209836006165e-02
2.099531250000000000e+02
7.998886108398437500e+00
-9.691289663314819336e-01
2.127812500000000000e+02
6.218593120574951172e+00
-8.820401430130004883e-01
1.158593750000000000e+02
7.280364227294921875e+01
-2.101201117038726807e-01
6.329687500000000000e+01
6.321038055419921875e+01
1.487397074699401855e+00
2.270156250000000000e+02
1.254304122924804688e+01
-2.112352371215820312e+00
1.976406250000000000e+02
3.248382568359375000e+01
-7.898921966552734375e-01
1.602812500000000000e+02
3.451877593994140625e+01
6.867326796054840088e-02
1.487812500000000000e+02
3.116261291503906250e+01
-2.514103613793849945e-02
1.903906250000000000e+02
2.640112113952636719e+01
-1.433479666709899902e+00
1.954218750000000000e+02
1.682799530029296875e+01
-1.122732639312744141e+00
7.548437500000000000e+01
6.091386795043945312e+01
5.388260483741760254e-01
4.940625000000000000e+01
3.740768432617187500e+01
2.114529132843017578e+00
1.994843750000000000e+02
1.476163959503173828e+01
4.679678082466125488e-01
2.199843750000000000e+02
9.464559555053710938e+00
-2.089861869812011719e+00
2.011562500000000000e+02
1.217350959777832031e+01
2.208398282527923584e-01
1.915781250000000000e+02
1.050566005706787109e+01
-2.555565834045410156e-01
1.916718750000000000e+02
1.463093376159667969e+01
-1.342942714691162109e+00
1.655781250000000000e+02
1.414744281768798828e+01
7.457082718610763550e-02
7.642187500000000000e+01
6.796456146240234375e+01
6.065585017204284668e-01
