Image image-0.png :
Color moments [Mean, Standard deviation, Skewness]: (Shape:(8, 8, 3)) 
[[[ 1.47078125e+02  4.15042534e+01 -5.50547123e-01]
  [ 1.96093750e+02  4.51289368e+00 -7.12079108e-01]
  [ 2.03921875e+02  3.69672441e+00  4.03322190e-01]
  [ 2.23531250e+02  6.45408964e+00 -5.34948707e-01]
  [ 2.14203125e+02  8.63709259e+00 -1.89562604e-01]
  [ 2.03359375e+02  4.38878965e+00 -1.24893665e+00]
  [ 2.02687500e+02  5.23770905e+00 -9.83680546e-01]
  [ 1.33718750e+02  4.28921127e+01 -1.74879298e-01]]

 [[ 1.48687500e+02  4.19217567e+01 -1.18269598e+00]
  [ 1.79312500e+02  2.19999104e+01 -8.18992555e-01]
  [ 1.66984375e+02  2.95928059e+01 -1.18022215e+00]
  [ 2.08671875e+02  8.53861618e+00 -9.26545680e-01]
  [ 2.02453125e+02  8.57673073e+00 -7.79203355e-01]
  [ 1.57171875e+02  2.70633259e+01 -5.36050141e-01]
  [ 1.75390625e+02  2.71400394e+01 -2.12070704e+00]
  [ 1.36015625e+02  4.88906593e+01 -1.02190578e+00]]

 [[ 1.83562500e+02  2.77881908e+01 -2.25600839e+00]
  [ 1.74703125e+02  3.89092178e+01 -5.13568878e-01]
  [ 1.48109375e+02  2.65660229e+01 -1.13266146e+00]
  [ 1.85375000e+02  1.78548832e+01 -8.36641550e-01]
  [ 1.85515625e+02  2.54337330e+01 -4.23911661e-01]
  [ 1.54156250e+02  2.03448544e+01 -5.39754748e-01]
  [ 1.55468750e+02  3.69175453e+01 -1.18210185e+00]
  [ 1.70671875e+02  2.95513630e+01 -2.68772697e+00]]

 [[ 1.92109375e+02  1.50417309e+01 -4.12154347e-01]
  [ 1.98281250e+02  5.87491703e+00  4.72196862e-02]
  [ 1.95765625e+02  1.17430058e+01  2.86162615e-01]
  [ 1.91921875e+02  8.75054359e+00 -7.17542887e-01]
  [ 1.99015625e+02  1.16236458e+01 -9.84945238e-01]
  [ 1.82625000e+02  1.04754181e+01  6.38891235e-02]
  [ 1.90484375e+02  7.61985922e+00 -4.29734826e-01]
  [ 1.84828125e+02  1.41593113e+01 -6.73089206e-01]]

 [[ 1.86156250e+02  4.84420471e+01 -2.45504451e+00]
  [ 2.18015625e+02  7.14469242e+00 -2.63826877e-01]
  [ 2.05125000e+02  7.88491440e+00 -2.55007505e+00]
  [ 1.96890625e+02  1.74938526e+01 -3.32554966e-01]
  [ 1.90437500e+02  2.14635410e+01 -7.51958668e-01]
  [ 2.01078125e+02  1.16247377e+01 -1.47198415e+00]
  [ 2.07921875e+02  6.00599861e+00 -1.41277527e-02]
  [ 1.73515625e+02  3.21325340e+01 -2.57425737e+00]]

 [[ 1.25484375e+02  8.46413345e+01 -1.25987574e-01]
  [ 2.30328125e+02  4.46883202e+00 -2.92629480e-01]
  [ 2.09843750e+02  1.01415281e+01 -4.06558871e-01]
  [ 1.87390625e+02  1.36308670e+01 -1.08421832e-01]
  [ 1.84750000e+02  9.77081108e+00  5.97239621e-02]
  [ 2.09953125e+02  7.99888611e+00 -9.69128966e-01]
  [ 2.12781250e+02  6.21859312e+00 -8.82040143e-01]
  [ 1.15859375e+02  7.28036423e+01 -2.10120112e-01]]

 [[ 6.32968750e+01  6.32103806e+01  1.48739707e+00]
  [ 2.27015625e+02  1.25430412e+01 -2.11235237e+00]
  [ 1.97640625e+02  3.24838257e+01 -7.89892197e-01]
  [ 1.60281250e+02  3.45187759e+01  6.86732680e-02]
  [ 1.48781250e+02  3.11626129e+01 -2.51410361e-02]
  [ 1.90390625e+02  2.64011211e+01 -1.43347967e+00]
  [ 1.95421875e+02  1.68279953e+01 -1.12273264e+00]
  [ 7.54843750e+01  6.09138680e+01  5.38826048e-01]]

 [[ 4.94062500e+01  3.74076843e+01  2.11452913e+00]
  [ 1.99484375e+02  1.47616396e+01  4.67967808e-01]
  [ 2.19984375e+02  9.46455956e+00 -2.08986187e+00]
  [ 2.01156250e+02  1.21735096e+01  2.20839828e-01]
  [ 1.91578125e+02  1.05056601e+01 -2.55556583e-01]
  [ 1.91671875e+02  1.46309338e+01 -1.34294271e+00]
  [ 1.65578125e+02  1.41474428e+01  7.45708272e-02]
  [ 7.64218750e+01  6.79645615e+01  6.06558502e-01]]]

LBP feature values: (Shape:(256,)) 
[3.22265625e-02 5.98144531e-02 0.00000000e+00 6.37207031e-02
 0.00000000e+00 6.10351562e-03 0.00000000e+00 1.37695312e-01
 0.00000000e+00 7.32421875e-04 0.00000000e+00 5.37109375e-03
 0.00000000e+00 5.37109375e-03 0.00000000e+00 2.74414062e-01
 0.00000000e+00 6.10351562e-03 0.00000000e+00 4.63867187e-03
 0.00000000e+00 1.70898437e-03 0.00000000e+00 3.66210937e-03
 0.00000000e+00 5.12695312e-03 0.00000000e+00 4.15039062e-03
 0.00000000e+00 7.56835937e-03 0.00000000e+00 1.73339844e-01
 0.00000000e+00 0.00000000e+00 0.00000000e+00 0.00000000e+00
 0.00000000e+00 2.44140625e-04 0.00000000e+00 2.19726562e-03
 0.00000000e+00 0.00000000e+00 0.00000000e+00 2.44140625e-04
 0.00000000e+00 2.44140625e-04 0.00000000e+00 4.15039062e-03
 0.00000000e+00 0.00000000e+00 0.00000000e+00 1.22070312e-03
 0.00000000e+00 2.44140625e-04 0.00000000e+00 2.19726562e-03
 0.00000000e+00 0.00000000e+00 0.00000000e+00 3.90625000e-03
 0.00000000e+00 3.66210937e-03 0.00000000e+00 7.22656250e-02
 0.00000000e+00 0.00000000e+00 0.00000000e+00 0.00000000e+00
 0.00000000e+00 0.00000000e+00 0.00000000e+00 0.00000000e+00
 0.00000000e+00 0.00000000e+00 0.00000000e+00 0.00000000e+00
 0.00000000e+00 0.00000000e+00 0.00000000e+00 0.00000000e+00
 0.00000000e+00 0.00000000e+00 0.00000000e+00 0.00000000e+00
 0.00000000e+00 0.00000000e+00 0.00000000e+00 0.00000000e+00
 0.00000000e+00 0.00000000e+00 0.00000000e+00 2.44140625e-04
 0.00000000e+00 0.00000000e+00 0.00000000e+00 5.37109375e-03
 0.00000000e+00 0.00000000e+00 0.00000000e+00 0.00000000e+00
 0.00000000e+00 0.00000000e+00 0.00000000e+00 0.00000000e+00
 0.00000000e+00 0.00000000e+00 0.00000000e+00 0.00000000e+00
 0.00000000e+00 0.00000000e+00 0.00000000e+00 1.95312500e-03
 0.00000000e+00 0.00000000e+00 0.00000000e+00 0.00000000e+00
 0.00000000e+00 0.00000000e+00 0.00000000e+00 2.44140625e-03
 0.00000000e+00 0.00000000e+00 0.00000000e+00 0.00000000e+00
 0.00000000e+00 0.00000000e+00 0.00000000e+00 6.03027344e-02
 0.00000000e+00 0.00000000e+00 0.00000000e+00 0.00000000e+00
 0.00000000e+00 0.00000000e+00 0.00000000e+00 0.00000000e+00
 0.00000000e+00 0.00000000e+00 0.00000000e+00 0.00000000e+00
 0.00000000e+00 0.00000000e+00 0.00000000e+00 0.00000000e+00
 0.00000000e+00 0.00000000e+00 0.00000000e+00 0.00000000e+00
 0.00000000e+00 0.00000000e+00 0.00000000e+00 0.00000000e+00
 0.00000000e+00 0.00000000e+00 0.00000000e+00 0.00000000e+00
 0.00000000e+00 0.00000000e+00 0.00000000e+00 0.00000000e+00
 0.00000000e+00 0.00000000e+00 0.00000000e+00 0.00000000e+00
 0.00000000e+00 0.00000000e+00 0.00000000e+00 0.00000000e+00
 0.00000000e+00 0.00000000e+00 0.00000000e+00 0.00000000e+00
 0.00000000e+00 0.00000000e+00 0.00000000e+00 0.00000000e+00
 0.00000000e+00 0.00000000e+00 0.00000000e+00 0.00000000e+00
 0.00000000e+00 0.00000000e+00 0.00000000e+00 0.00000000e+00
 0.00000000e+00 0.00000000e+00 0.00000000e+00 0.00000000e+00
 0.00000000e+00 0.00000000e+00 0.00000000e+00 0.00000000e+00
 0.00000000e+00 0.00000000e+00 0.00000000e+00 0.00000000e+00
 0.00000000e+00 0.00000000e+00 0.00000000e+00 0.00000000e+00
 0.00000000e+00 0.00000000e+00 0.00000000e+00 0.00000000e+00
 0.00000000e+00 0.00000000e+00 0.00000000e+00 0.00000000e+00
 0.00000000e+00 0.00000000e+00 0.00000000e+00 0.00000000e+00
 0.00000000e+00 0.00000000e+00 0.00000000e+00 0.00000000e+00
 0.00000000e+00 0.00000000e+00 0.00000000e+00 0.00000000e+00
 0.00000000e+00 0.00000000e+00 0.00000000e+00 0.00000000e+00
 0.00000000e+00 0.00000000e+00 0.00000000e+00 0.00000000e+00
 0.00000000e+00 0.00000000e+00 0.00000000e+00 0.00000000e+00
 0.00000000e+00 0.00000000e+00 0.00000000e+00 0.00000000e+00
 0.00000000e+00 0.00000000e+00 0.00000000e+00 0.00000000e+00
 0.00000000e+00 0.00000000e+00 0.00000000e+00 0.00000000e+00
 0.00000000e+00 0.00000000e+00 0.00000000e+00 0.00000000e+00
 0.00000000e+00 0.00000000e+00 0.00000000e+00 0.00000000e+00
 0.00000000e+00 0.00000000e+00 0.00000000e+00 4.73632812e-02]

HOG feature values: (Shape:(1764,)) 
[0.34298747 0.34298747 0.01171484 ... 0.01057377 0.04454767 0.2046834 ]

Image image-1.png :
Color moments [Mean, Standard deviation, Skewness]: (Shape:(8, 8, 3)) 
[[[ 1.92468750e+02  2.74749718e+01 -1.03923106e+00]
  [ 2.13156250e+02  4.88050556e+00 -1.17214966e+00]
  [ 2.25765625e+02  7.15398073e+00  2.36971721e-01]
  [ 2.34218750e+02  6.37737417e+00 -2.69811660e-01]
  [ 2.17812500e+02  3.42725754e+00  4.36758012e-01]
  [ 2.10406250e+02  4.28558159e+00 -1.57392696e-01]
  [ 1.97703125e+02  1.08723841e+01 -8.64685655e-01]
  [ 6.50000000e+01  4.20943871e+01  1.18557036e+00]]

 [[ 2.09328125e+02  9.70028114e+00  1.84368050e+00]
  [ 1.91890625e+02  3.04713573e+01 -2.05356169e+00]
  [ 1.60328125e+02  3.76007195e+01 -4.51800346e-01]
  [ 1.86125000e+02  2.89015026e+01 -6.19748294e-01]
  [ 2.14968750e+02  9.16339302e+00 -6.01342201e-01]
  [ 1.83031250e+02  3.56444969e+01 -1.31839252e+00]
  [ 1.72140625e+02  3.02204742e+01 -1.31721437e+00]
  [ 6.29062500e+01  4.91056633e+01  1.42624259e+00]]

 [[ 2.16578125e+02  1.38730898e+01 -3.54959905e-01]
  [ 1.85484375e+02  3.27132378e+01 -1.45417058e+00]
  [ 1.59703125e+02  3.55363693e+01 -1.22474813e+00]
  [ 1.73453125e+02  2.82278271e+01 -1.12872019e-01]
  [ 2.18015625e+02  1.19732676e+01  3.28442663e-01]
  [ 1.54703125e+02  3.38136787e+01 -2.37363562e-01]
  [ 1.57375000e+02  4.20800934e+01 -9.99327600e-01]
  [ 5.93593750e+01  5.22740250e+01  1.64952779e+00]]

 [[ 2.22062500e+02  8.71936607e+00  2.98627764e-01]
  [ 2.12593750e+02  4.93621445e+00  3.78924638e-01]
  [ 2.09390625e+02  5.98596573e+00 -4.18890148e-01]
  [ 2.06218750e+02  1.15060701e+01 -4.13057268e-01]
  [ 2.09437500e+02  1.00884762e+01  3.34075876e-02]
  [ 1.93343750e+02  1.92501774e+01 -1.92704082e-01]
  [ 1.86671875e+02  6.35918283e+00  5.79097092e-01]
  [ 6.00156250e+01  5.46947441e+01  1.65295517e+00]]

 [[ 2.35437500e+02  3.81147528e+00 -8.06091651e-02]
  [ 2.29218750e+02  8.21102333e+00  2.41875142e-01]
  [ 2.08750000e+02  8.54583263e+00 -6.18014812e-01]
  [ 1.97343750e+02  1.77175922e+01 -7.53435940e-02]
  [ 2.08187500e+02  2.07393608e+01 -1.53616294e-01]
  [ 1.90468750e+02  2.89028378e+01 -5.66505730e-01]
  [ 1.90375000e+02  3.79866333e+01 -3.14110637e+00]
  [ 3.18750000e+01  1.56559696e+01  4.86173582e+00]]

 [[ 2.36296875e+02  9.20203686e+00 -2.26618931e-01]
  [ 2.37984375e+02  8.32070541e+00 -5.20690501e-01]
  [ 2.08890625e+02  2.47304955e+01 -2.48164272e+00]
  [ 1.83968750e+02  3.78285484e+01 -9.58376169e-01]
  [ 1.67468750e+02  3.38152008e+01 -1.07387054e+00]
  [ 1.92437500e+02  2.47284470e+01 -2.11466217e+00]
  [ 1.41968750e+02  8.21922150e+01 -7.42231965e-01]
  [ 2.29375000e+01  2.69765520e+00 -3.53903681e-01]]

 [[ 2.18000000e+02  1.82551365e+01  3.94431144e-01]
  [ 2.39921875e+02  9.77449608e+00 -5.17806530e-01]
  [ 2.10500000e+02  1.55382595e+01 -2.10484767e+00]
  [ 1.95828125e+02  2.19328194e+01 -8.21511447e-01]
  [ 1.73203125e+02  2.35253696e+01 -1.04869556e+00]
  [ 1.79984375e+02  2.75019817e+01 -1.42491496e+00]
  [ 6.56406250e+01  7.27958069e+01  9.99414444e-01]
  [ 2.25000000e+01  2.75000000e+00  8.11420009e-02]]

 [[ 2.29906250e+02  1.38538342e+01 -6.92303836e-01]
  [ 2.05093750e+02  1.12398825e+01  1.43463954e-01]
  [ 2.00328125e+02  1.13853722e+01  2.47766357e-02]
  [ 1.90031250e+02  6.87606525e+00  1.71019197e-01]
  [ 1.91937500e+02  1.00154181e+01  9.58327949e-02]
  [ 1.55015625e+02  5.34788170e+01 -1.91988361e+00]
  [ 1.52187500e+01  4.02518940e+00 -1.46654332e+00]
  [ 1.85625000e+01  2.55486679e+00  7.34244823e-01]]]

LBP feature values: (Shape:(256,)) 
[0.04394531 0.07666016 0.         0.05883789 0.         0.01171875
 0.         0.13110352 0.         0.00341797 0.         0.0065918
 0.         0.00463867 0.         0.1965332  0.         0.01733398
 0.         0.00537109 0.         0.00073242 0.         0.00708008
 0.         0.00561523 0.         0.00415039 0.         0.00854492
 0.         0.15039062 0.         0.         0.         0.
 0.         0.00048828 0.         0.00390625 0.         0.
 0.         0.00024414 0.         0.         0.         0.00683594
 0.         0.         0.         0.00073242 0.         0.00024414
 0.         0.00390625 0.         0.         0.         0.00415039
 0.         0.0065918  0.         0.06469727 0.         0.
 0.         0.         0.         0.         0.         0.
 0.         0.         0.         0.         0.         0.
 0.         0.         0.         0.         0.         0.
 0.         0.         0.         0.00048828 0.         0.
 0.         0.         0.         0.         0.         0.0090332
 0.         0.         0.         0.         0.         0.
 0.         0.         0.         0.         0.         0.
 0.         0.         0.         0.00463867 0.         0.
 0.         0.         0.         0.         0.         0.00561523
 0.         0.         0.         0.         0.         0.
 0.         0.07373047 0.         0.         0.         0.
 0.         0.         0.         0.         0.         0.
 0.         0.         0.         0.         0.         0.
 0.         0.         0.         0.         0.         0.
 0.         0.         0.         0.         0.         0.
 0.         0.         0.         0.         0.         0.
 0.         0.         0.         0.         0.         0.
 0.         0.         0.         0.         0.         0.
 0.         0.         0.         0.         0.         0.
 0.         0.         0.         0.         0.         0.
 0.         0.         0.         0.         0.         0.
 0.         0.         0.         0.         0.         0.
 0.         0.         0.         0.         0.         0.
 0.         0.         0.         0.         0.         0.
 0.         0.         0.         0.         0.         0.
 0.         0.         0.         0.         0.         0.
 0.         0.         0.         0.         0.         0.
 0.         0.         0.         0.         0.         0.
 0.         0.         0.         0.         0.         0.
 0.         0.         0.         0.         0.         0.
 0.         0.         0.         0.         0.         0.
 0.         0.         0.         0.08203125]

HOG feature values: (Shape:(1764,)) 
[0.31247978 0.31883591 0.31883591 ... 0.02977831 0.01897507 0.        ]

Image image-10.png :
Color moments [Mean, Standard deviation, Skewness]: (Shape:(8, 8, 3)) 
[[[ 1.71218750e+02  1.15304880e+01 -1.35300875e+00]
  [ 1.80859375e+02  2.09634113e+01 -1.61219287e+00]
  [ 1.67218750e+02  4.34904709e+01 -1.02361989e+00]
  [ 1.81734375e+02  2.55876198e+01 -1.21848655e+00]
  [ 1.76140625e+02  2.93272839e+01 -6.80205047e-01]
  [ 1.46625000e+02  3.48982887e+01 -4.91491973e-01]
  [ 1.51453125e+02  1.83251286e+01 -1.05679810e+00]
  [ 1.49046875e+02  9.75068855e+00 -1.20806992e+00]]

 [[ 1.55375000e+02  2.57587967e+01  5.38557291e-01]
  [ 1.71796875e+02  2.90958443e+01  8.02256465e-01]
  [ 1.43875000e+02  3.00782833e+01  7.69872487e-01]
  [ 1.45171875e+02  3.24766998e+01 -2.00498983e-01]
  [ 1.16250000e+02  2.34960098e+01 -4.44679976e-01]
  [ 1.37828125e+02  4.25185814e+01  7.49322355e-01]
  [ 1.48406250e+02  2.38286324e+01 -4.66254890e-01]
  [ 1.23203125e+02  1.88332977e+01  3.72928649e-01]]

 [[ 1.36796875e+02  5.26578522e+01 -1.79211684e-02]
  [ 1.42109375e+02  2.92692852e+01 -7.88055182e-01]
  [ 1.32906250e+02  2.52844563e+01 -4.77489293e-01]
  [ 1.49937500e+02  3.07859936e+01 -8.48983109e-01]
  [ 1.33734375e+02  2.73457279e+01 -9.58686054e-01]
  [ 1.31015625e+02  2.05232277e+01 -1.59636295e+00]
  [ 1.34437500e+02  2.22091446e+01 -1.03524959e+00]
  [ 1.31468750e+02  4.34561424e+01 -2.10600764e-01]]

 [[ 1.25875000e+02  4.69885292e+01 -9.28213835e-01]
  [ 1.59687500e+02  2.19579678e+01 -1.26160324e+00]
  [ 1.39812500e+02  2.53690720e+01 -3.76615077e-01]
  [ 1.53265625e+02  4.00902252e+01 -1.22875869e+00]
  [ 1.31453125e+02  3.40472679e+01 -1.28066468e+00]
  [ 1.35796875e+02  2.59212608e+01 -8.75365257e-01]
  [ 1.47843750e+02  1.97912693e+01 -9.90467846e-01]
  [ 1.43015625e+02  2.33669701e+01  4.13431525e-01]]

 [[ 1.53609375e+02  1.99746857e+01 -4.71030712e-01]
  [ 1.86000000e+02  1.71336651e+01 -2.16056609e+00]
  [ 1.75781250e+02  1.39781847e+01 -7.25146532e-01]
  [ 1.46515625e+02  4.23891869e+01 -1.14680350e+00]
  [ 1.29828125e+02  4.14791183e+01 -7.53858984e-01]
  [ 1.50906250e+02  2.20168400e+01 -1.61744809e+00]
  [ 1.69343750e+02  8.16666031e+00  2.72916704e-01]
  [ 1.39687500e+02  1.70421124e+01 -2.40298081e-02]]

 [[ 1.52890625e+02  1.76901436e+01 -4.62687194e-01]
  [ 1.81656250e+02  7.23537064e+00 -5.77034175e-01]
  [ 1.56656250e+02  4.16612892e+01 -1.53733873e+00]
  [ 1.09312500e+02  6.04371758e+01 -1.29230708e-01]
  [ 1.04437500e+02  5.15266533e+01  3.19082648e-01]
  [ 1.28640625e+02  4.28687515e+01 -9.28319573e-01]
  [ 1.54062500e+02  8.15259743e+00 -1.26668763e+00]
  [ 1.27781250e+02  2.01288567e+01 -2.19839787e+00]]

 [[ 1.02968750e+02  6.13766479e+01 -6.09205782e-01]
  [ 1.63437500e+02  1.07774000e+01 -8.77991319e-02]
  [ 1.50781250e+02  2.50252800e+01 -8.24765682e-01]
  [ 1.16156250e+02  2.94889908e+01 -1.06012869e+00]
  [ 1.13984375e+02  2.18242207e+01 -1.71504927e+00]
  [ 1.37484375e+02  1.66367359e+01 -1.05655861e+00]
  [ 1.40187500e+02  7.52677536e+00  1.18064678e+00]
  [ 9.86250000e+01  4.12755585e+01 -7.40472138e-01]]

 [[ 3.81093750e+01  4.57718887e+01  1.41391790e+00]
  [ 1.48531250e+02  9.98587894e+00 -1.10842049e+00]
  [ 1.59828125e+02  7.37935209e+00  9.72217470e-02]
  [ 1.40593750e+02  2.18315411e+01 -5.86105943e-01]
  [ 1.33000000e+02  1.91139679e+01 -2.45599478e-01]
  [ 1.36187500e+02  7.51846695e+00  7.36248791e-02]
  [ 1.29187500e+02  5.38189983e+00 -4.35330093e-01]
  [ 6.27812500e+01  5.67435226e+01  2.01650523e-02]]]

LBP feature values: (Shape:(256,)) 
[3.66210937e-02 7.34863281e-02 0.00000000e+00 6.68945312e-02
 0.00000000e+00 7.32421875e-03 0.00000000e+00 1.34033203e-01
 0.00000000e+00 1.95312500e-03 0.00000000e+00 5.37109375e-03
 0.00000000e+00 5.37109375e-03 0.00000000e+00 2.58789062e-01
 0.00000000e+00 9.52148437e-03 0.00000000e+00 3.90625000e-03
 0.00000000e+00 7.32421875e-04 0.00000000e+00 7.08007812e-03
 0.00000000e+00 3.41796875e-03 0.00000000e+00 7.32421875e-03
 0.00000000e+00 5.61523437e-03 0.00000000e+00 1.48437500e-01
 0.00000000e+00 0.00000000e+00 0.00000000e+00 0.00000000e+00
 0.00000000e+00 0.00000000e+00 0.00000000e+00 2.92968750e-03
 0.00000000e+00 0.00000000e+00 0.00000000e+00 0.00000000e+00
 0.00000000e+00 4.88281250e-04 0.00000000e+00 6.83593750e-03
 0.00000000e+00 0.00000000e+00 0.00000000e+00 2.44140625e-04
 0.00000000e+00 2.44140625e-04 0.00000000e+00 3.90625000e-03
 0.00000000e+00 0.00000000e+00 0.00000000e+00 1.70898437e-03
 0.00000000e+00 5.61523437e-03 0.00000000e+00 6.22558594e-02
 0.00000000e+00 0.00000000e+00 0.00000000e+00 0.00000000e+00
 0.00000000e+00 0.00000000e+00 0.00000000e+00 0.00000000e+00
 0.00000000e+00 0.00000000e+00 0.00000000e+00 0.00000000e+00
 0.00000000e+00 0.00000000e+00 0.00000000e+00 0.00000000e+00
 0.00000000e+00 0.00000000e+00 0.00000000e+00 0.00000000e+00
 0.00000000e+00 0.00000000e+00 0.00000000e+00 7.32421875e-04
 0.00000000e+00 0.00000000e+00 0.00000000e+00 2.44140625e-04
 0.00000000e+00 0.00000000e+00 0.00000000e+00 3.66210937e-03
 0.00000000e+00 0.00000000e+00 0.00000000e+00 0.00000000e+00
 0.00000000e+00 0.00000000e+00 0.00000000e+00 0.00000000e+00
 0.00000000e+00 0.00000000e+00 0.00000000e+00 0.00000000e+00
 0.00000000e+00 0.00000000e+00 0.00000000e+00 3.17382812e-03
 0.00000000e+00 0.00000000e+00 0.00000000e+00 0.00000000e+00
 0.00000000e+00 0.00000000e+00 0.00000000e+00 2.92968750e-03
 0.00000000e+00 0.00000000e+00 0.00000000e+00 0.00000000e+00
 0.00000000e+00 0.00000000e+00 0.00000000e+00 7.71484375e-02
 0.00000000e+00 0.00000000e+00 0.00000000e+00 0.00000000e+00
 0.00000000e+00 0.00000000e+00 0.00000000e+00 0.00000000e+00
 0.00000000e+00 0.00000000e+00 0.00000000e+00 0.00000000e+00
 0.00000000e+00 0.00000000e+00 0.00000000e+00 0.00000000e+00
 0.00000000e+00 0.00000000e+00 0.00000000e+00 0.00000000e+00
 0.00000000e+00 0.00000000e+00 0.00000000e+00 0.00000000e+00
 0.00000000e+00 0.00000000e+00 0.00000000e+00 0.00000000e+00
 0.00000000e+00 0.00000000e+00 0.00000000e+00 0.00000000e+00
 0.00000000e+00 0.00000000e+00 0.00000000e+00 0.00000000e+00
 0.00000000e+00 0.00000000e+00 0.00000000e+00 0.00000000e+00
 0.00000000e+00 0.00000000e+00 0.00000000e+00 0.00000000e+00
 0.00000000e+00 0.00000000e+00 0.00000000e+00 0.00000000e+00
 0.00000000e+00 0.00000000e+00 0.00000000e+00 0.00000000e+00
 0.00000000e+00 0.00000000e+00 0.00000000e+00 0.00000000e+00
 0.00000000e+00 0.00000000e+00 0.00000000e+00 0.00000000e+00
 0.00000000e+00 0.00000000e+00 0.00000000e+00 0.00000000e+00
 0.00000000e+00 0.00000000e+00 0.00000000e+00 0.00000000e+00
 0.00000000e+00 0.00000000e+00 0.00000000e+00 0.00000000e+00
 0.00000000e+00 0.00000000e+00 0.00000000e+00 0.00000000e+00
 0.00000000e+00 0.00000000e+00 0.00000000e+00 0.00000000e+00
 0.00000000e+00 0.00000000e+00 0.00000000e+00 0.00000000e+00
 0.00000000e+00 0.00000000e+00 0.00000000e+00 0.00000000e+00
 0.00000000e+00 0.00000000e+00 0.00000000e+00 0.00000000e+00
 0.00000000e+00 0.00000000e+00 0.00000000e+00 0.00000000e+00
 0.00000000e+00 0.00000000e+00 0.00000000e+00 0.00000000e+00
 0.00000000e+00 0.00000000e+00 0.00000000e+00 0.00000000e+00
 0.00000000e+00 0.00000000e+00 0.00000000e+00 0.00000000e+00
 0.00000000e+00 0.00000000e+00 0.00000000e+00 0.00000000e+00
 0.00000000e+00 0.00000000e+00 0.00000000e+00 0.00000000e+00
 0.00000000e+00 0.00000000e+00 0.00000000e+00 0.00000000e+00
 0.00000000e+00 0.00000000e+00 0.00000000e+00 0.00000000e+00
 0.00000000e+00 0.00000000e+00 0.00000000e+00 5.20019531e-02]

HOG feature values: (Shape:(1764,)) 
[0.138269   0.10804704 0.02242036 ... 0.         0.         0.44704628]

Image image-11.png :
Color moments [Mean, Standard deviation, Skewness]: (Shape:(8, 8, 3)) 
[[[ 1.83218750e+02  4.51894903e+00 -4.97520447e-01]
  [ 1.80234375e+02  1.83905048e+01 -1.30782890e+00]
  [ 1.68109375e+02  3.60139389e+01 -6.21088207e-01]
  [ 1.73750000e+02  2.39060669e+01 -9.92782116e-01]
  [ 1.77765625e+02  2.22680702e+01 -1.05539954e+00]
  [ 1.51828125e+02  3.08800888e+01 -7.01897323e-01]
  [ 1.52828125e+02  1.54429951e+01 -1.41543984e+00]
  [ 1.46796875e+02  9.36779690e+00 -8.50361466e-01]]

 [[ 1.64156250e+02  1.54719696e+01 -5.00738382e-01]
  [ 1.82750000e+02  2.89967670e+01 -7.70596508e-03]
  [ 1.19078125e+02  2.00603027e+01 -1.08320452e-01]
  [ 1.26890625e+02  3.76314850e+01 -1.18061677e-01]
  [ 1.13859375e+02  3.51282768e+01 -1.60377666e-01]
  [ 1.29453125e+02  4.78362846e+01  7.35581219e-01]
  [ 1.43531250e+02  2.59277649e+01 -3.06596696e-01]
  [ 1.37875000e+02  1.81206894e+01  7.95870926e-03]]

 [[ 1.62531250e+02  4.15289688e+01  2.24233434e-01]
  [ 1.50703125e+02  2.77959518e+01 -9.41164255e-01]
  [ 1.25078125e+02  2.26048279e+01 -6.64233267e-01]
  [ 1.52109375e+02  3.22936287e+01 -9.08119738e-01]
  [ 1.32109375e+02  2.64173927e+01 -1.26189455e-01]
  [ 1.30656250e+02  1.61053352e+01 -7.75372505e-01]
  [ 1.24328125e+02  2.00484200e+01 -1.94564605e+00]
  [ 1.29062500e+02  3.75790329e+01  6.74798965e-01]]

 [[ 1.58343750e+02  2.62870083e+01 -8.79554749e-01]
  [ 1.71546875e+02  8.99987793e+00 -2.30767116e-01]
  [ 1.47203125e+02  2.29974041e+01 -8.10341835e-01]
  [ 1.63343750e+02  2.72398033e+01 -1.02483761e+00]
  [ 1.50062500e+02  2.44367008e+01  2.15912551e-01]
  [ 1.36890625e+02  1.83993187e+01 -1.40984881e+00]
  [ 1.56000000e+02  7.61782455e+00  1.05992377e+00]
  [ 1.22984375e+02  4.23919525e+01 -5.30543149e-01]]

 [[ 1.79625000e+02  1.22646599e+01 -4.82165843e-01]
  [ 1.80468750e+02  2.63711300e+01 -1.00584233e+00]
  [ 1.71890625e+02  2.23152943e+01 -1.93271649e+00]
  [ 1.42718750e+02  4.17872086e+01 -9.51078475e-01]
  [ 1.10828125e+02  3.70500298e+01 -6.73792303e-01]
  [ 1.32046875e+02  3.31070366e+01 -7.31096625e-01]
  [ 1.53843750e+02  2.83191738e+01 -1.23829985e+00]
  [ 1.31484375e+02  2.31064053e+01 -1.27386129e+00]]

 [[ 1.79687500e+02  1.17232075e+01 -4.26788330e-01]
  [ 1.94109375e+02  4.87697792e+00 -2.28797019e-01]
  [ 1.82156250e+02  6.27300453e+00 -3.23662567e+00]
  [ 1.63562500e+02  3.07051888e+01 -1.28586006e+00]
  [ 1.49140625e+02  3.36901627e+01 -1.24345040e+00]
  [ 1.59187500e+02  1.22358017e+01 -1.42908216e+00]
  [ 1.58406250e+02  8.42377377e+00  4.53440249e-01]
  [ 1.31125000e+02  1.20979080e+01 -1.35004616e+00]]

 [[ 1.69484375e+02  8.41685867e+00 -5.30495584e-01]
  [ 1.81640625e+02  1.19796276e+01 -8.00672352e-01]
  [ 1.54984375e+02  2.82966919e+01 -7.30481744e-01]
  [ 1.28203125e+02  2.62602234e+01 -5.37682235e-01]
  [ 1.10421875e+02  2.50129986e+01 -9.71746922e-01]
  [ 1.19406250e+02  2.67743568e+01 -7.77155459e-01]
  [ 1.41703125e+02  8.73334026e+00 -2.50961948e-02]
  [ 9.33906250e+01  4.51354256e+01 -7.91996300e-01]]

 [[ 1.35953125e+02  3.89131355e+01 -2.10527658e+00]
  [ 1.66234375e+02  5.23731279e+00  1.38769522e-01]
  [ 1.64859375e+02  7.80998421e+00 -4.05401856e-01]
  [ 1.38906250e+02  1.99191475e+01 -6.02741361e-01]
  [ 1.23000000e+02  1.82867775e+01  4.60715771e-01]
  [ 1.30515625e+02  5.07442188e+00  2.06754684e-01]
  [ 1.25984375e+02  5.45003510e+00  2.94013679e-01]
  [ 4.18437500e+01  4.26168289e+01  1.13645959e+00]]]

LBP feature values: (Shape:(256,)) 
[3.56445312e-02 6.20117187e-02 0.00000000e+00 5.66406250e-02
 0.00000000e+00 9.03320312e-03 0.00000000e+00 1.49658203e-01
 0.00000000e+00 1.46484375e-03 0.00000000e+00 4.63867187e-03
 0.00000000e+00 4.88281250e-03 0.00000000e+00 2.89062500e-01
 0.00000000e+00 8.05664062e-03 0.00000000e+00 4.63867187e-03
 0.00000000e+00 1.22070312e-03 0.00000000e+00 3.41796875e-03
 0.00000000e+00 2.92968750e-03 0.00000000e+00 4.63867187e-03
 0.00000000e+00 6.10351562e-03 0.00000000e+00 1.54541016e-01
 0.00000000e+00 0.00000000e+00 0.00000000e+00 0.00000000e+00
 0.00000000e+00 2.44140625e-04 0.00000000e+00 3.17382812e-03
 0.00000000e+00 0.00000000e+00 0.00000000e+00 0.00000000e+00
 0.00000000e+00 2.44140625e-04 0.00000000e+00 3.90625000e-03
 0.00000000e+00 0.00000000e+00 0.00000000e+00 1.70898437e-03
 0.00000000e+00 0.00000000e+00 0.00000000e+00 1.95312500e-03
 0.00000000e+00 0.00000000e+00 0.00000000e+00 2.68554687e-03
 0.00000000e+00 3.90625000e-03 0.00000000e+00 5.76171875e-02
 0.00000000e+00 0.00000000e+00 0.00000000e+00 0.00000000e+00
 0.00000000e+00 0.00000000e+00 0.00000000e+00 0.00000000e+00
 0.00000000e+00 0.00000000e+00 0.00000000e+00 0.00000000e+00
 0.00000000e+00 0.00000000e+00 0.00000000e+00 0.00000000e+00
 0.00000000e+00 0.00000000e+00 0.00000000e+00 0.00000000e+00
 0.00000000e+00 0.00000000e+00 0.00000000e+00 2.44140625e-04
 0.00000000e+00 0.00000000e+00 0.00000000e+00 2.44140625e-04
 0.00000000e+00 0.00000000e+00 0.00000000e+00 3.90625000e-03
 0.00000000e+00 0.00000000e+00 0.00000000e+00 0.00000000e+00
 0.00000000e+00 0.00000000e+00 0.00000000e+00 0.00000000e+00
 0.00000000e+00 0.00000000e+00 0.00000000e+00 0.00000000e+00
 0.00000000e+00 0.00000000e+00 0.00000000e+00 4.63867187e-03
 0.00000000e+00 0.00000000e+00 0.00000000e+00 0.00000000e+00
 0.00000000e+00 0.00000000e+00 0.00000000e+00 3.41796875e-03
 0.00000000e+00 0.00000000e+00 0.00000000e+00 0.00000000e+00
 0.00000000e+00 0.00000000e+00 0.00000000e+00 6.71386719e-02
 0.00000000e+00 0.00000000e+00 0.00000000e+00 0.00000000e+00
 0.00000000e+00 0.00000000e+00 0.00000000e+00 0.00000000e+00
 0.00000000e+00 0.00000000e+00 0.00000000e+00 0.00000000e+00
 0.00000000e+00 0.00000000e+00 0.00000000e+00 0.00000000e+00
 0.00000000e+00 0.00000000e+00 0.00000000e+00 0.00000000e+00
 0.00000000e+00 0.00000000e+00 0.00000000e+00 0.00000000e+00
 0.00000000e+00 0.00000000e+00 0.00000000e+00 0.00000000e+00
 0.00000000e+00 0.00000000e+00 0.00000000e+00 0.00000000e+00
 0.00000000e+00 0.00000000e+00 0.00000000e+00 0.00000000e+00
 0.00000000e+00 0.00000000e+00 0.00000000e+00 0.00000000e+00
 0.00000000e+00 0.00000000e+00 0.00000000e+00 0.00000000e+00
 0.00000000e+00 0.00000000e+00 0.00000000e+00 0.00000000e+00
 0.00000000e+00 0.00000000e+00 0.00000000e+00 0.00000000e+00
 0.00000000e+00 0.00000000e+00 0.00000000e+00 0.00000000e+00
 0.00000000e+00 0.00000000e+00 0.00000000e+00 0.00000000e+00
 0.00000000e+00 0.00000000e+00 0.00000000e+00 0.00000000e+00
 0.00000000e+00 0.00000000e+00 0.00000000e+00 0.00000000e+00
 0.00000000e+00 0.00000000e+00 0.00000000e+00 0.00000000e+00
 0.00000000e+00 0.00000000e+00 0.00000000e+00 0.00000000e+00
 0.00000000e+00 0.00000000e+00 0.00000000e+00 0.00000000e+00
 0.00000000e+00 0.00000000e+00 0.00000000e+00 0.00000000e+00
 0.00000000e+00 0.00000000e+00 0.00000000e+00 0.00000000e+00
 0.00000000e+00 0.00000000e+00 0.00000000e+00 0.00000000e+00
 0.00000000e+00 0.00000000e+00 0.00000000e+00 0.00000000e+00
 0.00000000e+00 0.00000000e+00 0.00000000e+00 0.00000000e+00
 0.00000000e+00 0.00000000e+00 0.00000000e+00 0.00000000e+00
 0.00000000e+00 0.00000000e+00 0.00000000e+00 0.00000000e+00
 0.00000000e+00 0.00000000e+00 0.00000000e+00 0.00000000e+00
 0.00000000e+00 0.00000000e+00 0.00000000e+00 0.00000000e+00
 0.00000000e+00 0.00000000e+00 0.00000000e+00 0.00000000e+00
 0.00000000e+00 0.00000000e+00 0.00000000e+00 0.00000000e+00
 0.00000000e+00 0.00000000e+00 0.00000000e+00 4.63867187e-02]

HOG feature values: (Shape:(1764,)) 
[0.05860475 0.05194219 0.04608257 ... 0.00999193 0.00388953 0.03700006]

Image image-12.png :
Color moments [Mean, Standard deviation, Skewness]: (Shape:(8, 8, 3)) 
[[[ 1.76046875e+02  5.38060665e+00  2.61841983e-01]
  [ 1.81625000e+02  1.87170544e+01 -1.40022850e+00]
  [ 1.78687500e+02  2.91133957e+01 -1.05307531e+00]
  [ 1.88968750e+02  1.45687685e+01 -1.00723219e+00]
  [ 1.74000000e+02  2.59548893e+01 -9.23313975e-01]
  [ 1.54343750e+02  2.50638046e+01 -1.17258441e+00]
  [ 1.54031250e+02  8.61860085e+00 -1.03854787e+00]
  [ 1.45343750e+02  9.09707832e+00 -1.10594070e+00]]

 [[ 1.54796875e+02  2.18125401e+01  4.17304039e-01]
  [ 1.56234375e+02  4.24060516e+01 -8.14676750e-03]
  [ 1.19171875e+02  3.16793251e+01  6.04911625e-01]
  [ 1.38937500e+02  2.61700420e+01 -1.84700102e-01]
  [ 1.05671875e+02  2.21578541e+01 -1.66000992e-01]
  [ 1.29250000e+02  4.12014885e+01  5.06780267e-01]
  [ 1.32906250e+02  2.08953629e+01 -2.84760725e-02]
  [ 1.24718750e+02  2.14341068e+01 -7.24118799e-02]]

 [[ 1.52640625e+02  4.43510017e+01 -1.60120279e-01]
  [ 1.39984375e+02  2.60117111e+01 -8.20333660e-01]
  [ 1.26125000e+02  2.65997524e+01 -5.85859418e-01]
  [ 1.40468750e+02  3.44011116e+01 -8.27952623e-01]
  [ 1.26781250e+02  2.21200333e+01 -6.95327818e-01]
  [ 1.28937500e+02  2.18659801e+01 -1.47723222e+00]
  [ 1.32015625e+02  2.60207195e+01 -1.39084097e-03]
  [ 1.03890625e+02  3.84261131e+01 -2.07400918e-02]]

 [[ 1.37750000e+02  5.31580772e+01 -1.01852453e+00]
  [ 1.57640625e+02  1.21415701e+01 -2.01918006e-01]
  [ 1.36531250e+02  2.33237858e+01 -9.93122905e-02]
  [ 1.67546875e+02  1.76324711e+01  3.62485886e-01]
  [ 1.31828125e+02  2.54014969e+01 -8.69074106e-01]
  [ 1.39015625e+02  1.62744942e+01 -2.46135092e+00]
  [ 1.59468750e+02  1.15946770e+01 -3.14944163e-02]
  [ 1.14390625e+02  2.16546879e+01  4.64224041e-01]]

 [[ 1.57062500e+02  1.64686012e+01 -2.11904585e-01]
  [ 1.71078125e+02  2.96833820e+01 -1.25386882e+00]
  [ 1.59625000e+02  3.06040745e+01 -1.44198585e+00]
  [ 1.17203125e+02  3.65689316e+01 -3.61068159e-01]
  [ 1.04875000e+02  4.24494171e+01 -5.76599896e-01]
  [ 1.43812500e+02  2.73689346e+01 -9.94731665e-01]
  [ 1.47437500e+02  1.57508678e+01 -6.18705094e-01]
  [ 1.21296875e+02  1.13518715e+01 -8.41032743e-01]]

 [[ 1.59578125e+02  1.22943134e+01  4.00864482e-01]
  [ 1.85937500e+02  6.41013622e+00 -5.85683942e-01]
  [ 1.76093750e+02  1.17429752e+01 -3.40979171e+00]
  [ 1.54187500e+02  3.09691753e+01 -1.01331306e+00]
  [ 1.49140625e+02  2.19330425e+01 -2.21414328e+00]
  [ 1.58765625e+02  7.29884863e+00 -1.61978453e-01]
  [ 1.41859375e+02  1.15228949e+01 -1.40625522e-01]
  [ 1.09765625e+02  2.25435295e+01 -2.18655896e+00]]

 [[ 1.44281250e+02  3.07365150e+01 -3.09166503e+00]
  [ 1.71015625e+02  1.07594318e+01 -7.05679715e-01]
  [ 1.38921875e+02  3.04714527e+01 -6.52417421e-01]
  [ 9.60781250e+01  2.86865063e+01 -5.64156115e-01]
  [ 9.84687500e+01  2.96051979e+01 -5.78715503e-01]
  [ 1.29078125e+02  1.82374134e+01 -1.76191592e+00]
  [ 1.31234375e+02  1.10435820e+01  3.92131805e-01]
  [ 5.67812500e+01  4.43316536e+01  4.45719212e-01]]

 [[ 7.82343750e+01  5.52603874e+01  1.10826343e-01]
  [ 1.47765625e+02  4.78846979e+00  9.01734009e-02]
  [ 1.38734375e+02  1.13195658e+01 -1.48504198e-01]
  [ 1.03359375e+02  3.30852928e+01  1.53224975e-01]
  [ 1.11328125e+02  1.72074242e+01  3.13266426e-01]
  [ 1.15671875e+02  8.62962723e+00  5.69342196e-01]
  [ 1.16921875e+02  3.28968406e+00  6.08901322e-01]
  [ 2.05312500e+01  2.41091061e+01  2.43608594e+00]]]

LBP feature values: (Shape:(256,)) 
[3.71093750e-02 6.86035156e-02 0.00000000e+00 6.27441406e-02
 0.00000000e+00 8.30078125e-03 0.00000000e+00 1.26953125e-01
 0.00000000e+00 3.41796875e-03 0.00000000e+00 6.34765625e-03
 0.00000000e+00 4.63867187e-03 0.00000000e+00 2.82470703e-01
 0.00000000e+00 9.27734375e-03 0.00000000e+00 4.15039062e-03
 0.00000000e+00 4.88281250e-04 0.00000000e+00 5.85937500e-03
 0.00000000e+00 4.63867187e-03 0.00000000e+00 4.88281250e-03
 0.00000000e+00 3.90625000e-03 0.00000000e+00 1.50146484e-01
 0.00000000e+00 0.00000000e+00 0.00000000e+00 0.00000000e+00
 0.00000000e+00 0.00000000e+00 0.00000000e+00 2.92968750e-03
 0.00000000e+00 0.00000000e+00 0.00000000e+00 2.44140625e-04
 0.00000000e+00 0.00000000e+00 0.00000000e+00 2.68554687e-03
 0.00000000e+00 0.00000000e+00 0.00000000e+00 1.70898437e-03
 0.00000000e+00 2.44140625e-04 0.00000000e+00 4.63867187e-03
 0.00000000e+00 0.00000000e+00 0.00000000e+00 4.15039062e-03
 0.00000000e+00 4.39453125e-03 0.00000000e+00 7.10449219e-02
 0.00000000e+00 0.00000000e+00 0.00000000e+00 0.00000000e+00
 0.00000000e+00 0.00000000e+00 0.00000000e+00 0.00000000e+00
 0.00000000e+00 0.00000000e+00 0.00000000e+00 0.00000000e+00
 0.00000000e+00 0.00000000e+00 0.00000000e+00 0.00000000e+00
 0.00000000e+00 0.00000000e+00 0.00000000e+00 0.00000000e+00
 0.00000000e+00 0.00000000e+00 0.00000000e+00 4.88281250e-04
 0.00000000e+00 0.00000000e+00 0.00000000e+00 0.00000000e+00
 0.00000000e+00 0.00000000e+00 0.00000000e+00 4.63867187e-03
 0.00000000e+00 0.00000000e+00 0.00000000e+00 0.00000000e+00
 0.00000000e+00 0.00000000e+00 0.00000000e+00 0.00000000e+00
 0.00000000e+00 0.00000000e+00 0.00000000e+00 0.00000000e+00
 0.00000000e+00 0.00000000e+00 0.00000000e+00 2.19726562e-03
 0.00000000e+00 0.00000000e+00 0.00000000e+00 0.00000000e+00
 0.00000000e+00 0.00000000e+00 0.00000000e+00 2.92968750e-03
 0.00000000e+00 0.00000000e+00 0.00000000e+00 0.00000000e+00
 0.00000000e+00 0.00000000e+00 0.00000000e+00 6.61621094e-02
 0.00000000e+00 0.00000000e+00 0.00000000e+00 0.00000000e+00
 0.00000000e+00 0.00000000e+00 0.00000000e+00 0.00000000e+00
 0.00000000e+00 0.00000000e+00 0.00000000e+00 0.00000000e+00
 0.00000000e+00 0.00000000e+00 0.00000000e+00 0.00000000e+00
 0.00000000e+00 0.00000000e+00 0.00000000e+00 0.00000000e+00
 0.00000000e+00 0.00000000e+00 0.00000000e+00 0.00000000e+00
 0.00000000e+00 0.00000000e+00 0.00000000e+00 0.00000000e+00
 0.00000000e+00 0.00000000e+00 0.00000000e+00 0.00000000e+00
 0.00000000e+00 0.00000000e+00 0.00000000e+00 0.00000000e+00
 0.00000000e+00 0.00000000e+00 0.00000000e+00 0.00000000e+00
 0.00000000e+00 0.00000000e+00 0.00000000e+00 0.00000000e+00
 0.00000000e+00 0.00000000e+00 0.00000000e+00 0.00000000e+00
 0.00000000e+00 0.00000000e+00 0.00000000e+00 0.00000000e+00
 0.00000000e+00 0.00000000e+00 0.00000000e+00 0.00000000e+00
 0.00000000e+00 0.00000000e+00 0.00000000e+00 0.00000000e+00
 0.00000000e+00 0.00000000e+00 0.00000000e+00 0.00000000e+00
 0.00000000e+00 0.00000000e+00 0.00000000e+00 0.00000000e+00
 0.00000000e+00 0.00000000e+00 0.00000000e+00 0.00000000e+00
 0.00000000e+00 0.00000000e+00 0.00000000e+00 0.00000000e+00
 0.00000000e+00 0.00000000e+00 0.00000000e+00 0.00000000e+00
 0.00000000e+00 0.00000000e+00 0.00000000e+00 0.00000000e+00
 0.00000000e+00 0.00000000e+00 0.00000000e+00 0.00000000e+00
 0.00000000e+00 0.00000000e+00 0.00000000e+00 0.00000000e+00
 0.00000000e+00 0.00000000e+00 0.00000000e+00 0.00000000e+00
 0.00000000e+00 0.00000000e+00 0.00000000e+00 0.00000000e+00
 0.00000000e+00 0.00000000e+00 0.00000000e+00 0.00000000e+00
 0.00000000e+00 0.00000000e+00 0.00000000e+00 0.00000000e+00
 0.00000000e+00 0.00000000e+00 0.00000000e+00 0.00000000e+00
 0.00000000e+00 0.00000000e+00 0.00000000e+00 0.00000000e+00
 0.00000000e+00 0.00000000e+00 0.00000000e+00 0.00000000e+00
 0.00000000e+00 0.00000000e+00 0.00000000e+00 0.00000000e+00
 0.00000000e+00 0.00000000e+00 0.00000000e+00 4.76074219e-02]

HOG feature values: (Shape:(1764,)) 
[0.07249993 0.01067619 0.00108394 ... 0.00515172 0.01906278 0.02576105]

Image image-13.png :
Color moments [Mean, Standard deviation, Skewness]: (Shape:(8, 8, 3)) 
[[[ 1.86671875e+02  5.16313457e+00 -8.65864336e-01]
  [ 1.86671875e+02  1.77209759e+01 -1.26996601e+00]
  [ 1.80703125e+02  3.04588242e+01 -9.27204132e-01]
  [ 1.85906250e+02  1.29888401e+01 -1.56803656e+00]
  [ 1.74937500e+02  2.26294022e+01 -1.10560024e+00]
  [ 1.57171875e+02  2.39905930e+01 -1.02938604e+00]
  [ 1.53296875e+02  7.21474123e+00 -1.21838129e+00]
  [ 1.44562500e+02  1.01039515e+01 -9.31811154e-01]]

 [[ 1.71671875e+02  1.47775745e+01 -3.65147471e-01]
  [ 1.74390625e+02  3.84242821e+01 -3.52302529e-02]
  [ 1.16234375e+02  2.42916794e+01 -9.79168862e-02]
  [ 1.31984375e+02  4.01666412e+01 -3.06556702e-01]
  [ 1.22953125e+02  3.30106163e+01  1.19002499e-01]
  [ 1.36640625e+02  4.04750557e+01  5.60023785e-01]
  [ 1.44781250e+02  2.15641975e+01  3.07127267e-01]
  [ 1.47562500e+02  1.56742973e+01 -5.81554592e-01]]

 [[ 1.67671875e+02  3.77769165e+01  1.86101601e-01]
  [ 1.59859375e+02  2.47656937e+01 -9.02891994e-01]
  [ 1.34937500e+02  3.02354698e+01 -8.84089231e-01]
  [ 1.55156250e+02  2.99354610e+01 -6.80975795e-01]
  [ 1.32937500e+02  2.04747372e+01 -3.08275104e-01]
  [ 1.45734375e+02  2.75461197e+01 -3.20437431e-01]
  [ 1.40906250e+02  3.40609360e+01  8.81842494e-01]
  [ 1.13234375e+02  3.40540657e+01 -7.30761409e-01]]

 [[ 1.65796875e+02  2.58772221e+01 -1.01811123e+00]
  [ 1.74515625e+02  1.20791559e+01 -1.03442967e+00]
  [ 1.50765625e+02  2.71631317e+01 -2.97808141e-01]
  [ 1.73359375e+02  2.72754288e+01 -1.46165097e+00]
  [ 1.41218750e+02  2.34430618e+01 -3.37967455e-01]
  [ 1.43562500e+02  1.91285744e+01 -1.40180707e+00]
  [ 1.58828125e+02  1.85106010e+01 -8.32081854e-01]
  [ 1.14078125e+02  3.01471920e+01 -6.69743717e-01]]

 [[ 1.88937500e+02  1.27253132e+01 -6.15859687e-01]
  [ 1.89671875e+02  2.39824486e+01 -1.28279400e+00]
  [ 1.79000000e+02  1.39586439e+01 -1.13354659e+00]
  [ 1.49718750e+02  3.87469597e+01 -1.00910866e+00]
  [ 1.23953125e+02  4.37862091e+01 -5.92637658e-01]
  [ 1.54687500e+02  2.46525078e+01 -9.98908758e-01]
  [ 1.60500000e+02  1.95240231e+01 -1.12617445e+00]
  [ 1.15734375e+02  2.70844994e+01 -8.08874667e-01]]

 [[ 1.84640625e+02  1.19926634e+01 -2.01669723e-01]
  [ 1.99453125e+02  8.04271698e+00 -5.58467507e-01]
  [ 1.70890625e+02  3.80033340e+01 -2.06333065e+00]
  [ 1.30734375e+02  5.27239952e+01 -3.40034693e-01]
  [ 1.21562500e+02  5.07785873e+01 -3.99208367e-02]
  [ 1.54062500e+02  2.57766094e+01 -1.95979178e+00]
  [ 1.48234375e+02  1.20347700e+01  8.05214107e-01]
  [ 1.20421875e+02  2.93480225e+01 -2.26542354e+00]]

 [[ 1.72125000e+02  9.47612095e+00 -1.35391557e+00]
  [ 1.78687500e+02  1.68447647e+01 -3.71390879e-01]
  [ 1.53421875e+02  3.53587837e+01 -9.35724080e-01]
  [ 1.15390625e+02  3.29173241e+01 -9.94440079e-01]
  [ 1.14484375e+02  2.14199028e+01 -1.31807709e+00]
  [ 1.31093750e+02  2.53862152e+01 -1.59283662e+00]
  [ 1.34718750e+02  1.20927000e+01 -2.09975982e+00]
  [ 3.41718750e+01  2.95452785e+01  1.91149330e+00]]

 [[ 1.37046875e+02  3.38385086e+01 -1.54070318e+00]
  [ 1.70750000e+02  6.36150551e+00 -1.73613027e-01]
  [ 1.69984375e+02  6.86816072e+00  2.70680070e-01]
  [ 1.43218750e+02  2.35859261e+01 -5.49612403e-01]
  [ 1.36906250e+02  1.60864067e+01 -2.69753307e-01]
  [ 1.34125000e+02  6.41896582e+00 -2.73825914e-01]
  [ 9.55156250e+01  4.73418350e+01 -9.60710108e-01]
  [ 1.81562500e+01  1.09285676e+00  4.77951348e-01]]]

LBP feature values: (Shape:(256,)) 
[4.02832031e-02 6.76269531e-02 0.00000000e+00 6.34765625e-02
 0.00000000e+00 7.08007812e-03 0.00000000e+00 1.32812500e-01
 0.00000000e+00 1.95312500e-03 0.00000000e+00 4.15039062e-03
 0.00000000e+00 3.66210937e-03 0.00000000e+00 2.75146484e-01
 0.00000000e+00 1.09863281e-02 0.00000000e+00 3.90625000e-03
 0.00000000e+00 7.32421875e-04 0.00000000e+00 4.63867187e-03
 0.00000000e+00 4.39453125e-03 0.00000000e+00 2.92968750e-03
 0.00000000e+00 6.83593750e-03 0.00000000e+00 1.43798828e-01
 0.00000000e+00 0.00000000e+00 0.00000000e+00 0.00000000e+00
 0.00000000e+00 2.44140625e-04 0.00000000e+00 4.39453125e-03
 0.00000000e+00 0.00000000e+00 0.00000000e+00 0.00000000e+00
 0.00000000e+00 2.44140625e-04 0.00000000e+00 6.59179687e-03
 0.00000000e+00 0.00000000e+00 0.00000000e+00 7.32421875e-04
 0.00000000e+00 2.44140625e-04 0.00000000e+00 4.39453125e-03
 0.00000000e+00 0.00000000e+00 0.00000000e+00 3.90625000e-03
 0.00000000e+00 6.59179687e-03 0.00000000e+00 6.73828125e-02
 0.00000000e+00 0.00000000e+00 0.00000000e+00 0.00000000e+00
 0.00000000e+00 0.00000000e+00 0.00000000e+00 0.00000000e+00
 0.00000000e+00 0.00000000e+00 0.00000000e+00 0.00000000e+00
 0.00000000e+00 0.00000000e+00 0.00000000e+00 0.00000000e+00
 0.00000000e+00 0.00000000e+00 0.00000000e+00 0.00000000e+00
 0.00000000e+00 0.00000000e+00 0.00000000e+00 2.44140625e-04
 0.00000000e+00 0.00000000e+00 0.00000000e+00 2.44140625e-04
 0.00000000e+00 0.00000000e+00 0.00000000e+00 3.66210937e-03
 0.00000000e+00 0.00000000e+00 0.00000000e+00 0.00000000e+00
 0.00000000e+00 0.00000000e+00 0.00000000e+00 0.00000000e+00
 0.00000000e+00 0.00000000e+00 0.00000000e+00 0.00000000e+00
 0.00000000e+00 0.00000000e+00 0.00000000e+00 6.83593750e-03
 0.00000000e+00 0.00000000e+00 0.00000000e+00 0.00000000e+00
 0.00000000e+00 0.00000000e+00 0.00000000e+00 3.17382812e-03
 0.00000000e+00 0.00000000e+00 0.00000000e+00 0.00000000e+00
 0.00000000e+00 0.00000000e+00 0.00000000e+00 6.32324219e-02
 0.00000000e+00 0.00000000e+00 0.00000000e+00 0.00000000e+00
 0.00000000e+00 0.00000000e+00 0.00000000e+00 0.00000000e+00
 0.00000000e+00 0.00000000e+00 0.00000000e+00 0.00000000e+00
 0.00000000e+00 0.00000000e+00 0.00000000e+00 0.00000000e+00
 0.00000000e+00 0.00000000e+00 0.00000000e+00 0.00000000e+00
 0.00000000e+00 0.00000000e+00 0.00000000e+00 0.00000000e+00
 0.00000000e+00 0.00000000e+00 0.00000000e+00 0.00000000e+00
 0.00000000e+00 0.00000000e+00 0.00000000e+00 0.00000000e+00
 0.00000000e+00 0.00000000e+00 0.00000000e+00 0.00000000e+00
 0.00000000e+00 0.00000000e+00 0.00000000e+00 0.00000000e+00
 0.00000000e+00 0.00000000e+00 0.00000000e+00 0.00000000e+00
 0.00000000e+00 0.00000000e+00 0.00000000e+00 0.00000000e+00
 0.00000000e+00 0.00000000e+00 0.00000000e+00 0.00000000e+00
 0.00000000e+00 0.00000000e+00 0.00000000e+00 0.00000000e+00
 0.00000000e+00 0.00000000e+00 0.00000000e+00 0.00000000e+00
 0.00000000e+00 0.00000000e+00 0.00000000e+00 0.00000000e+00
 0.00000000e+00 0.00000000e+00 0.00000000e+00 0.00000000e+00
 0.00000000e+00 0.00000000e+00 0.00000000e+00 0.00000000e+00
 0.00000000e+00 0.00000000e+00 0.00000000e+00 0.00000000e+00
 0.00000000e+00 0.00000000e+00 0.00000000e+00 0.00000000e+00
 0.00000000e+00 0.00000000e+00 0.00000000e+00 0.00000000e+00
 0.00000000e+00 0.00000000e+00 0.00000000e+00 0.00000000e+00
 0.00000000e+00 0.00000000e+00 0.00000000e+00 0.00000000e+00
 0.00000000e+00 0.00000000e+00 0.00000000e+00 0.00000000e+00
 0.00000000e+00 0.00000000e+00 0.00000000e+00 0.00000000e+00
 0.00000000e+00 0.00000000e+00 0.00000000e+00 0.00000000e+00
 0.00000000e+00 0.00000000e+00 0.00000000e+00 0.00000000e+00
 0.00000000e+00 0.00000000e+00 0.00000000e+00 0.00000000e+00
 0.00000000e+00 0.00000000e+00 0.00000000e+00 0.00000000e+00
 0.00000000e+00 0.00000000e+00 0.00000000e+00 0.00000000e+00
 0.00000000e+00 0.00000000e+00 0.00000000e+00 0.00000000e+00
 0.00000000e+00 0.00000000e+00 0.00000000e+00 5.34667969e-02]

HOG feature values: (Shape:(1764,)) 
[0.1161439  0.04445408 0.02235662 ... 0.00994522 0.         0.00731374]

Image image-14.png :
Color moments [Mean, Standard deviation, Skewness]: (Shape:(8, 8, 3)) 
[[[ 1.68015625e+02  7.12717533e+00 -4.93881077e-01]
  [ 1.68218750e+02  1.75699215e+01 -6.28967583e-01]
  [ 1.56078125e+02  3.20991173e+01 -4.60999936e-01]
  [ 1.61843750e+02  2.89607601e+01 -8.70751023e-01]
  [ 1.49109375e+02  3.96689873e+01 -7.42943585e-01]
  [ 1.28125000e+02  3.13436089e+01 -1.38805538e-01]
  [ 1.35828125e+02  1.83350372e+01 -7.98090339e-01]
  [ 1.33312500e+02  1.04849224e+01 -4.50295478e-01]]

 [[ 1.54421875e+02  1.55972805e+01  2.64330298e-01]
  [ 1.70765625e+02  3.42640228e+01 -2.88907886e-01]
  [ 1.25687500e+02  1.71681709e+01 -5.31190515e-01]
  [ 1.37500000e+02  2.94209747e+01 -1.46966323e-01]
  [ 1.27562500e+02  1.49769354e+01 -3.61873806e-01]
  [ 1.53328125e+02  3.59922104e+01  3.99158716e-01]
  [ 1.46078125e+02  2.01007652e+01  7.82725736e-02]
  [ 1.24843750e+02  1.82304859e+01  1.13512442e-01]]

 [[ 1.57328125e+02  3.82667656e+01  1.46031557e-02]
  [ 1.32500000e+02  2.87010460e+01 -6.36156142e-01]
  [ 1.28437500e+02  2.37512341e+01 -3.84877175e-01]
  [ 1.49890625e+02  2.46786327e+01 -1.18338728e+00]
  [ 1.27609375e+02  2.04997082e+01 -8.38229895e-01]
  [ 1.26312500e+02  2.35304813e+01 -1.23512077e+00]
  [ 1.20828125e+02  2.25052452e+01 -8.84805799e-01]
  [ 1.27546875e+02  3.97971153e+01 -1.29435584e-01]]

 [[ 1.59531250e+02  2.10170822e+01 -1.85219538e+00]
  [ 1.56187500e+02  1.29130201e+01 -1.94808769e+00]
  [ 1.43031250e+02  2.48658714e+01  1.78611577e-01]
  [ 1.56593750e+02  3.60826836e+01 -1.27190995e+00]
  [ 1.31921875e+02  2.96702213e+01 -1.27219641e+00]
  [ 1.40734375e+02  1.90724297e+01 -1.46491802e+00]
  [ 1.52250000e+02  4.27931070e+00  8.85281786e-02]
  [ 1.34203125e+02  2.26088886e+01 -4.82739002e-01]]

 [[ 1.75500000e+02  1.64497337e+01  2.83880919e-01]
  [ 1.75062500e+02  2.60227509e+01 -1.16017878e+00]
  [ 1.65218750e+02  2.35865879e+01 -1.85783827e+00]
  [ 1.35968750e+02  4.25705147e+01 -9.14844394e-01]
  [ 1.17546875e+02  4.27229156e+01 -8.07157159e-01]
  [ 1.45953125e+02  2.63565845e+01 -9.89274025e-01]
  [ 1.56218750e+02  2.76696301e+01 -1.09468019e+00]
  [ 1.36375000e+02  1.52842855e+01  1.05081566e-01]]

 [[ 1.82359375e+02  1.02612247e+01 -3.88323739e-02]
  [ 1.87656250e+02  8.20483589e+00 -4.91745174e-02]
  [ 1.64875000e+02  3.39974709e+01 -2.26341867e+00]
  [ 1.29234375e+02  5.03207626e+01 -4.39292073e-01]
  [ 1.30453125e+02  4.44265289e+01 -4.67265099e-01]
  [ 1.56562500e+02  1.13231993e+01 -2.65156007e+00]
  [ 1.62421875e+02  7.82185364e+00 -6.95114613e-01]
  [ 1.29609375e+02  1.32377501e+01  6.73674420e-02]]

 [[ 1.67953125e+02  8.91001797e+00  7.54607558e-01]
  [ 1.72296875e+02  1.97608204e+01 -7.94473648e-01]
  [ 1.08406250e+02  4.94677048e+01 -3.97208482e-01]
  [ 9.41875000e+01  5.71141624e+01 -7.52721429e-02]
  [ 9.15000000e+01  3.56677361e+01 -3.57338846e-01]
  [ 1.18234375e+02  3.27116852e+01 -8.08558106e-01]
  [ 1.46171875e+02  8.64319611e+00 -5.24889886e-01]
  [ 1.19640625e+02  1.47037058e+01 -1.98684573e+00]]

 [[ 1.55484375e+02  1.18176146e+01 -2.07158303e+00]
  [ 1.61718750e+02  1.09050856e+01  1.39415041e-01]
  [ 1.63062500e+02  1.56433640e+01  1.02178827e-02]
  [ 1.10890625e+02  1.74392853e+01 -5.25291622e-01]
  [ 1.17453125e+02  1.31064510e+01 -3.04973185e-01]
  [ 1.40031250e+02  8.27830124e+00  1.06584489e+00]
  [ 1.32781250e+02  5.65814877e+00  9.68782544e-01]
  [ 8.15625000e+01  3.57350807e+01 -6.75515388e-04]]]

LBP feature values: (Shape:(256,)) 
[3.58886719e-02 7.17773437e-02 0.00000000e+00 5.71289062e-02
 0.00000000e+00 8.05664062e-03 0.00000000e+00 1.40380859e-01
 0.00000000e+00 2.44140625e-03 0.00000000e+00 4.15039062e-03
 0.00000000e+00 5.12695312e-03 0.00000000e+00 2.81250000e-01
 0.00000000e+00 9.52148437e-03 0.00000000e+00 5.12695312e-03
 0.00000000e+00 4.88281250e-04 0.00000000e+00 5.61523437e-03
 0.00000000e+00 4.39453125e-03 0.00000000e+00 4.39453125e-03
 0.00000000e+00 3.90625000e-03 0.00000000e+00 1.42578125e-01
 0.00000000e+00 0.00000000e+00 0.00000000e+00 0.00000000e+00
 0.00000000e+00 0.00000000e+00 0.00000000e+00 1.95312500e-03
 0.00000000e+00 0.00000000e+00 0.00000000e+00 2.44140625e-04
 0.00000000e+00 2.44140625e-04 0.00000000e+00 4.88281250e-03
 0.00000000e+00 0.00000000e+00 0.00000000e+00 2.44140625e-04
 0.00000000e+00 2.44140625e-04 0.00000000e+00 2.68554687e-03
 0.00000000e+00 0.00000000e+00 0.00000000e+00 2.68554687e-03
 0.00000000e+00 5.37109375e-03 0.00000000e+00 7.54394531e-02
 0.00000000e+00 0.00000000e+00 0.00000000e+00 0.00000000e+00
 0.00000000e+00 0.00000000e+00 0.00000000e+00 0.00000000e+00
 0.00000000e+00 0.00000000e+00 0.00000000e+00 0.00000000e+00
 0.00000000e+00 0.00000000e+00 0.00000000e+00 0.00000000e+00
 0.00000000e+00 0.00000000e+00 0.00000000e+00 0.00000000e+00
 0.00000000e+00 0.00000000e+00 0.00000000e+00 2.44140625e-04
 0.00000000e+00 0.00000000e+00 0.00000000e+00 0.00000000e+00
 0.00000000e+00 0.00000000e+00 0.00000000e+00 3.66210937e-03
 0.00000000e+00 0.00000000e+00 0.00000000e+00 0.00000000e+00
 0.00000000e+00 0.00000000e+00 0.00000000e+00 0.00000000e+00
 0.00000000e+00 0.00000000e+00 0.00000000e+00 0.00000000e+00
 0.00000000e+00 0.00000000e+00 0.00000000e+00 3.17382812e-03
 0.00000000e+00 0.00000000e+00 0.00000000e+00 0.00000000e+00
 0.00000000e+00 0.00000000e+00 0.00000000e+00 3.41796875e-03
 0.00000000e+00 0.00000000e+00 0.00000000e+00 0.00000000e+00
 0.00000000e+00 0.00000000e+00 0.00000000e+00 6.68945312e-02
 0.00000000e+00 0.00000000e+00 0.00000000e+00 0.00000000e+00
 0.00000000e+00 0.00000000e+00 0.00000000e+00 0.00000000e+00
 0.00000000e+00 0.00000000e+00 0.00000000e+00 0.00000000e+00
 0.00000000e+00 0.00000000e+00 0.00000000e+00 0.00000000e+00
 0.00000000e+00 0.00000000e+00 0.00000000e+00 0.00000000e+00
 0.00000000e+00 0.00000000e+00 0.00000000e+00 0.00000000e+00
 0.00000000e+00 0.00000000e+00 0.00000000e+00 0.00000000e+00
 0.00000000e+00 0.00000000e+00 0.00000000e+00 0.00000000e+00
 0.00000000e+00 0.00000000e+00 0.00000000e+00 0.00000000e+00
 0.00000000e+00 0.00000000e+00 0.00000000e+00 0.00000000e+00
 0.00000000e+00 0.00000000e+00 0.00000000e+00 0.00000000e+00
 0.00000000e+00 0.00000000e+00 0.00000000e+00 0.00000000e+00
 0.00000000e+00 0.00000000e+00 0.00000000e+00 0.00000000e+00
 0.00000000e+00 0.00000000e+00 0.00000000e+00 0.00000000e+00
 0.00000000e+00 0.00000000e+00 0.00000000e+00 0.00000000e+00
 0.00000000e+00 0.00000000e+00 0.00000000e+00 0.00000000e+00
 0.00000000e+00 0.00000000e+00 0.00000000e+00 0.00000000e+00
 0.00000000e+00 0.00000000e+00 0.00000000e+00 0.00000000e+00
 0.00000000e+00 0.00000000e+00 0.00000000e+00 0.00000000e+00
 0.00000000e+00 0.00000000e+00 0.00000000e+00 0.00000000e+00
 0.00000000e+00 0.00000000e+00 0.00000000e+00 0.00000000e+00
 0.00000000e+00 0.00000000e+00 0.00000000e+00 0.00000000e+00
 0.00000000e+00 0.00000000e+00 0.00000000e+00 0.00000000e+00
 0.00000000e+00 0.00000000e+00 0.00000000e+00 0.00000000e+00
 0.00000000e+00 0.00000000e+00 0.00000000e+00 0.00000000e+00
 0.00000000e+00 0.00000000e+00 0.00000000e+00 0.00000000e+00
 0.00000000e+00 0.00000000e+00 0.00000000e+00 0.00000000e+00
 0.00000000e+00 0.00000000e+00 0.00000000e+00 0.00000000e+00
 0.00000000e+00 0.00000000e+00 0.00000000e+00 0.00000000e+00
 0.00000000e+00 0.00000000e+00 0.00000000e+00 0.00000000e+00
 0.00000000e+00 0.00000000e+00 0.00000000e+00 0.00000000e+00
 0.00000000e+00 0.00000000e+00 0.00000000e+00 4.63867187e-02]

HOG feature values: (Shape:(1764,)) 
[0.06063762 0.01021547 0.03357397 ... 0.         0.08160434 0.07253412]

Image image-2.png :
Color moments [Mean, Standard deviation, Skewness]: (Shape:(8, 8, 3)) 
[[[ 1.39875000e+02  4.79076271e+01 -9.22366083e-01]
  [ 1.92546875e+02  4.86675501e+00 -4.46019113e-01]
  [ 1.98968750e+02  3.31176281e+00 -1.37737483e-01]
  [ 2.12562500e+02  8.61480331e+00  5.37302017e-01]
  [ 2.08406250e+02  8.99777508e+00  2.88812160e-01]
  [ 1.95109375e+02  2.76200318e+00  8.65508541e-02]
  [ 1.91843750e+02  5.08127308e+00 -8.02856624e-01]
  [ 1.27468750e+02  4.26724319e+01 -6.00445032e-01]]

 [[ 1.54625000e+02  3.15096703e+01 -1.77464342e+00]
  [ 1.71765625e+02  1.95334187e+01 -1.06590450e+00]
  [ 1.60531250e+02  3.29952507e+01 -6.17736936e-01]
  [ 1.95296875e+02  8.00327969e+00 -1.66139758e+00]
  [ 1.93500000e+02  9.25844193e+00 -1.45009589e+00]
  [ 1.54015625e+02  2.90384922e+01  7.50901401e-02]
  [ 1.63125000e+02  2.74906235e+01 -1.93372321e+00]
  [ 1.38937500e+02  3.78965988e+01 -1.41201186e+00]]

 [[ 1.81046875e+02  2.00650730e+01 -9.03624475e-01]
  [ 1.77234375e+02  3.60514984e+01 -5.46478331e-01]
  [ 1.51437500e+02  3.04784126e+01 -1.30646813e+00]
  [ 1.83656250e+02  1.85608959e+01 -4.00910139e-01]
  [ 1.73109375e+02  1.95928211e+01 -2.34887358e-02]
  [ 1.58718750e+02  2.41301613e+01 -5.07775426e-01]
  [ 1.57828125e+02  3.61894073e+01 -1.41866398e+00]
  [ 1.68515625e+02  1.16458044e+01 -2.12420642e-01]]

 [[ 1.84078125e+02  1.87360821e+01 -1.09840536e+00]
  [ 1.96921875e+02  8.45448208e+00  1.75096188e-02]
  [ 1.80843750e+02  8.22195721e+00  1.24166560e+00]
  [ 1.86640625e+02  7.34924984e+00 -8.41083944e-01]
  [ 1.77406250e+02  1.82291985e+01  3.40103149e-01]
  [ 1.67765625e+02  7.84168005e+00 -3.07802618e-01]
  [ 1.83640625e+02  5.44680882e+00 -1.19024538e-01]
  [ 1.69531250e+02  1.48607798e+01 -4.83112365e-01]]

 [[ 1.36296875e+02  7.46767349e+01 -5.49223244e-01]
  [ 2.05718750e+02  8.19197178e+00 -4.31068689e-01]
  [ 1.92031250e+02  7.04886675e+00  8.92077565e-01]
  [ 1.86609375e+02  1.12855234e+01  9.04230714e-01]
  [ 1.88562500e+02  1.49696302e+01 -1.54132340e-02]
  [ 1.86171875e+02  8.98358727e+00 -7.66802967e-01]
  [ 1.90546875e+02  6.61657429e+00  2.85118610e-01]
  [ 1.28562500e+02  6.15416222e+01 -7.25854278e-01]]

 [[ 9.90625000e+01  7.64766846e+01  3.84650797e-01]
  [ 2.19500000e+02  5.46866083e+00 -3.72885615e-01]
  [ 1.93625000e+02  7.85513353e+00 -2.27853552e-01]
  [ 1.82390625e+02  1.41538610e+01  5.58236316e-02]
  [ 1.66421875e+02  1.76624641e+01 -2.97715008e-01]
  [ 1.91125000e+02  1.23205872e+01 -2.60597801e+00]
  [ 1.97843750e+02  7.01609468e+00 -1.07235062e+00]
  [ 8.05312500e+01  6.20365219e+01  6.29456937e-01]]

 [[ 7.81250000e+01  6.35999451e+01  7.08790004e-01]
  [ 2.12859375e+02  1.37077389e+01 -1.73420107e+00]
  [ 1.85359375e+02  2.98749294e+01 -8.82117152e-01]
  [ 1.48906250e+02  2.89291801e+01 -1.19533531e-01]
  [ 1.48015625e+02  3.54403076e+01 -2.99621791e-01]
  [ 1.86609375e+02  2.05621147e+01 -1.76311982e+00]
  [ 1.71875000e+02  3.96533813e+01 -2.40825367e+00]
  [ 3.17187500e+01  1.91004467e+01  4.70425844e+00]]

 [[ 8.83906250e+01  7.95586700e+01  2.90201694e-01]
  [ 1.94843750e+02  1.31210928e+01 -1.41967922e-01]
  [ 2.04468750e+02  7.48951101e+00 -2.62765467e-01]
  [ 1.78812500e+02  1.54210434e+01 -9.32860255e-01]
  [ 1.72140625e+02  1.50362759e+01 -1.03033805e+00]
  [ 1.81718750e+02  1.40072174e+01 -8.04101825e-01]
  [ 1.23343750e+02  6.06427078e+01 -1.14366698e+00]
  [ 2.39843750e+01  3.24274278e+00  8.71801734e-01]]]

LBP feature values: (Shape:(256,)) 
[3.95507812e-02 5.66406250e-02 0.00000000e+00 6.54296875e-02
 0.00000000e+00 1.02539062e-02 0.00000000e+00 1.32080078e-01
 0.00000000e+00 2.92968750e-03 0.00000000e+00 4.88281250e-03
 0.00000000e+00 5.37109375e-03 0.00000000e+00 2.63916016e-01
 0.00000000e+00 9.03320312e-03 0.00000000e+00 4.39453125e-03
 0.00000000e+00 1.46484375e-03 0.00000000e+00 6.83593750e-03
 0.00000000e+00 6.83593750e-03 0.00000000e+00 2.44140625e-03
 0.00000000e+00 9.03320312e-03 0.00000000e+00 1.49414062e-01
 0.00000000e+00 0.00000000e+00 0.00000000e+00 0.00000000e+00
 0.00000000e+00 2.44140625e-04 0.00000000e+00 4.15039062e-03
 0.00000000e+00 0.00000000e+00 0.00000000e+00 2.44140625e-04
 0.00000000e+00 7.32421875e-04 0.00000000e+00 6.10351562e-03
 0.00000000e+00 0.00000000e+00 0.00000000e+00 7.32421875e-04
 0.00000000e+00 4.88281250e-04 0.00000000e+00 3.41796875e-03
 0.00000000e+00 0.00000000e+00 0.00000000e+00 4.15039062e-03
 0.00000000e+00 4.39453125e-03 0.00000000e+00 6.37207031e-02
 0.00000000e+00 0.00000000e+00 0.00000000e+00 0.00000000e+00
 0.00000000e+00 0.00000000e+00 0.00000000e+00 0.00000000e+00
 0.00000000e+00 0.00000000e+00 0.00000000e+00 0.00000000e+00
 0.00000000e+00 0.00000000e+00 0.00000000e+00 0.00000000e+00
 0.00000000e+00 0.00000000e+00 0.00000000e+00 0.00000000e+00
 0.00000000e+00 0.00000000e+00 0.00000000e+00 4.88281250e-04
 0.00000000e+00 0.00000000e+00 0.00000000e+00 2.44140625e-04
 0.00000000e+00 0.00000000e+00 0.00000000e+00 5.37109375e-03
 0.00000000e+00 0.00000000e+00 0.00000000e+00 0.00000000e+00
 0.00000000e+00 0.00000000e+00 0.00000000e+00 0.00000000e+00
 0.00000000e+00 0.00000000e+00 0.00000000e+00 0.00000000e+00
 0.00000000e+00 0.00000000e+00 0.00000000e+00 7.32421875e-03
 0.00000000e+00 0.00000000e+00 0.00000000e+00 0.00000000e+00
 0.00000000e+00 0.00000000e+00 0.00000000e+00 3.41796875e-03
 0.00000000e+00 0.00000000e+00 0.00000000e+00 0.00000000e+00
 0.00000000e+00 0.00000000e+00 0.00000000e+00 6.27441406e-02
 0.00000000e+00 0.00000000e+00 0.00000000e+00 0.00000000e+00
 0.00000000e+00 0.00000000e+00 0.00000000e+00 0.00000000e+00
 0.00000000e+00 0.00000000e+00 0.00000000e+00 0.00000000e+00
 0.00000000e+00 0.00000000e+00 0.00000000e+00 0.00000000e+00
 0.00000000e+00 0.00000000e+00 0.00000000e+00 0.00000000e+00
 0.00000000e+00 0.00000000e+00 0.00000000e+00 0.00000000e+00
 0.00000000e+00 0.00000000e+00 0.00000000e+00 0.00000000e+00
 0.00000000e+00 0.00000000e+00 0.00000000e+00 0.00000000e+00
 0.00000000e+00 0.00000000e+00 0.00000000e+00 0.00000000e+00
 0.00000000e+00 0.00000000e+00 0.00000000e+00 0.00000000e+00
 0.00000000e+00 0.00000000e+00 0.00000000e+00 0.00000000e+00
 0.00000000e+00 0.00000000e+00 0.00000000e+00 0.00000000e+00
 0.00000000e+00 0.00000000e+00 0.00000000e+00 0.00000000e+00
 0.00000000e+00 0.00000000e+00 0.00000000e+00 0.00000000e+00
 0.00000000e+00 0.00000000e+00 0.00000000e+00 0.00000000e+00
 0.00000000e+00 0.00000000e+00 0.00000000e+00 0.00000000e+00
 0.00000000e+00 0.00000000e+00 0.00000000e+00 0.00000000e+00
 0.00000000e+00 0.00000000e+00 0.00000000e+00 0.00000000e+00
 0.00000000e+00 0.00000000e+00 0.00000000e+00 0.00000000e+00
 0.00000000e+00 0.00000000e+00 0.00000000e+00 0.00000000e+00
 0.00000000e+00 0.00000000e+00 0.00000000e+00 0.00000000e+00
 0.00000000e+00 0.00000000e+00 0.00000000e+00 0.00000000e+00
 0.00000000e+00 0.00000000e+00 0.00000000e+00 0.00000000e+00
 0.00000000e+00 0.00000000e+00 0.00000000e+00 0.00000000e+00
 0.00000000e+00 0.00000000e+00 0.00000000e+00 0.00000000e+00
 0.00000000e+00 0.00000000e+00 0.00000000e+00 0.00000000e+00
 0.00000000e+00 0.00000000e+00 0.00000000e+00 0.00000000e+00
 0.00000000e+00 0.00000000e+00 0.00000000e+00 0.00000000e+00
 0.00000000e+00 0.00000000e+00 0.00000000e+00 0.00000000e+00
 0.00000000e+00 0.00000000e+00 0.00000000e+00 0.00000000e+00
 0.00000000e+00 0.00000000e+00 0.00000000e+00 0.00000000e+00
 0.00000000e+00 0.00000000e+00 0.00000000e+00 6.15234375e-02]

HOG feature values: (Shape:(1764,)) 
[0.35193221 0.10931349 0.         ... 0.01075707 0.03623153 0.02269499]

Image image-3.png :
Color moments [Mean, Standard deviation, Skewness]: (Shape:(8, 8, 3)) 
[[[ 6.62500000e+01  2.51377449e+01  1.25329494e+00]
  [ 1.74218750e+02  1.67336388e+01 -7.28082776e-01]
  [ 2.07765625e+02  9.14252090e+00 -1.95118636e-01]
  [ 2.26234375e+02  5.14095736e+00  5.82444608e-01]
  [ 2.41484375e+02  4.39101410e+00 -4.69398141e-01]
  [ 2.38421875e+02  3.33450103e+00 -3.85372639e-01]
  [ 2.34640625e+02  5.11543989e+00 -2.27203846e-01]
  [ 1.92250000e+02  3.10865726e+01 -5.98852396e-01]]

 [[ 5.81406250e+01  3.41448517e+01  6.95041001e-01]
  [ 1.43000000e+02  2.61193180e+01 -6.63402021e-01]
  [ 1.41578125e+02  3.20272331e+01  1.91459209e-01]
  [ 2.12578125e+02  2.11444473e+01 -1.47681677e+00]
  [ 1.99078125e+02  2.68510380e+01 -5.54943144e-01]
  [ 1.76343750e+02  3.13524418e+01 -4.25490171e-01]
  [ 2.09031250e+02  2.89811192e+01 -3.13616037e+00]
  [ 2.11765625e+02  1.30452833e+01 -2.97587776e+00]]

 [[ 5.20312500e+01  4.02375641e+01  8.60698462e-01]
  [ 1.28203125e+02  3.38310013e+01 -7.48607397e-01]
  [ 1.40312500e+02  2.29223385e+01 -4.12118584e-01]
  [ 2.11359375e+02  2.86723766e+01 -1.29264164e+00]
  [ 1.92828125e+02  2.09191551e+01 -6.44193947e-01]
  [ 1.95578125e+02  3.26083755e+01 -1.09694397e+00]
  [ 1.84937500e+02  3.89811134e+01 -1.33235931e+00]
  [ 2.25187500e+02  1.01440792e+01 -2.36577606e+00]]

 [[ 7.45468750e+01  3.92439995e+01 -5.32126278e-02]
  [ 1.60828125e+02  1.32294121e+01 -6.05173647e-01]
  [ 1.65328125e+02  1.93504314e+01  1.60824940e-01]
  [ 2.31546875e+02  1.34093361e+01 -1.99370193e+00]
  [ 2.21000000e+02  9.71950340e+00 -2.03389421e-01]
  [ 2.30046875e+02  6.11971617e+00 -3.21829356e-02]
  [ 2.29390625e+02  4.20794344e+00  1.95273042e-01]
  [ 2.30937500e+02  3.25900197e+00 -8.59714508e-01]]

 [[ 5.03906250e+01  2.69435844e+01  1.58917344e+00]
  [ 1.63281250e+02  1.84589653e+01 -5.20515740e-01]
  [ 1.53375000e+02  3.83851776e+01 -7.16203392e-01]
  [ 1.89578125e+02  3.26318512e+01 -1.41633534e+00]
  [ 2.09046875e+02  2.38415527e+01 -5.48803210e-01]
  [ 2.37687500e+02  4.82142019e+00  8.18439007e-01]
  [ 2.38156250e+02  4.97248268e+00 -2.49345541e-01]
  [ 2.33578125e+02  6.20937967e+00 -6.65768921e-01]]

 [[ 3.72812500e+01  8.13646984e+00  1.51001048e+00]
  [ 1.36625000e+02  2.94068985e+01 -1.28655457e+00]
  [ 1.38125000e+02  3.11003914e+01 -7.79740214e-01]
  [ 1.57000000e+02  3.76741791e+01 -3.33607137e-01]
  [ 2.04968750e+02  4.04714279e+01 -1.21980810e+00]
  [ 2.39140625e+02  1.24660378e+01 -3.03551531e+00]
  [ 2.44265625e+02  2.97511649e+00  1.97218418e-01]
  [ 2.29343750e+02  1.08328476e+01 -2.26448789e-01]]

 [[ 3.60156250e+01  2.67214918e+00 -7.93053031e-01]
  [ 8.20156250e+01  4.75241661e+01  1.19295891e-03]
  [ 1.36531250e+02  1.50986013e+01 -1.84378594e-01]
  [ 1.64328125e+02  1.31125593e+01  4.13859159e-01]
  [ 1.99234375e+02  2.09834328e+01 -1.08600211e+00]
  [ 2.24765625e+02  1.45867462e+01 -2.32649803e+00]
  [ 2.35953125e+02  8.00474453e+00 -7.15288997e-01]
  [ 2.03187500e+02  1.91587734e+01 -1.06172329e-02]]

 [[ 3.50156250e+01  2.28782225e+00  1.92197725e-01]
  [ 2.88437500e+01  1.39756699e+01  2.39488864e+00]
  [ 1.03687500e+02  3.49351501e+01 -4.95732963e-01]
  [ 1.62109375e+02  1.43582697e+01 -5.57394803e-01]
  [ 2.03296875e+02  9.32013893e+00 -8.03681970e-01]
  [ 2.11906250e+02  1.33834305e+01 -1.54300380e+00]
  [ 1.98906250e+02  1.59919109e+01  4.16927665e-01]
  [ 2.03484375e+02  2.04893208e+01 -9.89103168e-02]]]

LBP feature values: (Shape:(256,)) 
[3.61328125e-02 5.81054687e-02 0.00000000e+00 5.90820312e-02
 0.00000000e+00 9.76562500e-03 0.00000000e+00 1.43310547e-01
 0.00000000e+00 3.66210937e-03 0.00000000e+00 4.63867187e-03
 0.00000000e+00 5.12695312e-03 0.00000000e+00 2.63916016e-01
 0.00000000e+00 8.30078125e-03 0.00000000e+00 4.15039062e-03
 0.00000000e+00 9.76562500e-04 0.00000000e+00 5.85937500e-03
 0.00000000e+00 4.39453125e-03 0.00000000e+00 3.17382812e-03
 0.00000000e+00 6.10351562e-03 0.00000000e+00 1.64062500e-01
 0.00000000e+00 0.00000000e+00 0.00000000e+00 0.00000000e+00
 0.00000000e+00 2.44140625e-04 0.00000000e+00 3.90625000e-03
 0.00000000e+00 0.00000000e+00 0.00000000e+00 1.22070312e-03
 0.00000000e+00 2.44140625e-04 0.00000000e+00 5.12695312e-03
 0.00000000e+00 0.00000000e+00 0.00000000e+00 1.46484375e-03
 0.00000000e+00 9.76562500e-04 0.00000000e+00 2.92968750e-03
 0.00000000e+00 0.00000000e+00 0.00000000e+00 2.92968750e-03
 0.00000000e+00 8.05664062e-03 0.00000000e+00 5.39550781e-02
 0.00000000e+00 0.00000000e+00 0.00000000e+00 0.00000000e+00
 0.00000000e+00 0.00000000e+00 0.00000000e+00 0.00000000e+00
 0.00000000e+00 0.00000000e+00 0.00000000e+00 0.00000000e+00
 0.00000000e+00 0.00000000e+00 0.00000000e+00 0.00000000e+00
 0.00000000e+00 0.00000000e+00 0.00000000e+00 0.00000000e+00
 0.00000000e+00 2.44140625e-04 0.00000000e+00 7.32421875e-04
 0.00000000e+00 0.00000000e+00 0.00000000e+00 4.88281250e-04
 0.00000000e+00 0.00000000e+00 0.00000000e+00 6.10351562e-03
 0.00000000e+00 0.00000000e+00 0.00000000e+00 0.00000000e+00
 0.00000000e+00 0.00000000e+00 0.00000000e+00 0.00000000e+00
 0.00000000e+00 0.00000000e+00 0.00000000e+00 0.00000000e+00
 0.00000000e+00 0.00000000e+00 0.00000000e+00 3.41796875e-03
 0.00000000e+00 0.00000000e+00 0.00000000e+00 0.00000000e+00
 0.00000000e+00 0.00000000e+00 0.00000000e+00 2.68554687e-03
 0.00000000e+00 0.00000000e+00 0.00000000e+00 0.00000000e+00
 0.00000000e+00 0.00000000e+00 0.00000000e+00 6.03027344e-02
 0.00000000e+00 0.00000000e+00 0.00000000e+00 0.00000000e+00
 0.00000000e+00 0.00000000e+00 0.00000000e+00 0.00000000e+00
 0.00000000e+00 0.00000000e+00 0.00000000e+00 0.00000000e+00
 0.00000000e+00 0.00000000e+00 0.00000000e+00 0.00000000e+00
 0.00000000e+00 0.00000000e+00 0.00000000e+00 0.00000000e+00
 0.00000000e+00 0.00000000e+00 0.00000000e+00 0.00000000e+00
 0.00000000e+00 0.00000000e+00 0.00000000e+00 0.00000000e+00
 0.00000000e+00 0.00000000e+00 0.00000000e+00 0.00000000e+00
 0.00000000e+00 0.00000000e+00 0.00000000e+00 0.00000000e+00
 0.00000000e+00 0.00000000e+00 0.00000000e+00 0.00000000e+00
 0.00000000e+00 0.00000000e+00 0.00000000e+00 0.00000000e+00
 0.00000000e+00 0.00000000e+00 0.00000000e+00 0.00000000e+00
 0.00000000e+00 0.00000000e+00 0.00000000e+00 0.00000000e+00
 0.00000000e+00 0.00000000e+00 0.00000000e+00 0.00000000e+00
 0.00000000e+00 0.00000000e+00 0.00000000e+00 0.00000000e+00
 0.00000000e+00 0.00000000e+00 0.00000000e+00 0.00000000e+00
 0.00000000e+00 0.00000000e+00 0.00000000e+00 0.00000000e+00
 0.00000000e+00 0.00000000e+00 0.00000000e+00 0.00000000e+00
 0.00000000e+00 0.00000000e+00 0.00000000e+00 0.00000000e+00
 0.00000000e+00 0.00000000e+00 0.00000000e+00 0.00000000e+00
 0.00000000e+00 0.00000000e+00 0.00000000e+00 0.00000000e+00
 0.00000000e+00 0.00000000e+00 0.00000000e+00 0.00000000e+00
 0.00000000e+00 0.00000000e+00 0.00000000e+00 0.00000000e+00
 0.00000000e+00 0.00000000e+00 0.00000000e+00 0.00000000e+00
 0.00000000e+00 0.00000000e+00 0.00000000e+00 0.00000000e+00
 0.00000000e+00 0.00000000e+00 0.00000000e+00 0.00000000e+00
 0.00000000e+00 0.00000000e+00 0.00000000e+00 0.00000000e+00
 0.00000000e+00 0.00000000e+00 0.00000000e+00 0.00000000e+00
 0.00000000e+00 0.00000000e+00 0.00000000e+00 0.00000000e+00
 0.00000000e+00 0.00000000e+00 0.00000000e+00 0.00000000e+00
 0.00000000e+00 0.00000000e+00 0.00000000e+00 0.00000000e+00
 0.00000000e+00 0.00000000e+00 0.00000000e+00 6.42089844e-02]

HOG feature values: (Shape:(1764,)) 
[0.30918633 0.03205462 0.         ... 0.02265382 0.02843554 0.02468056]

Image image-4.png :
Color moments [Mean, Standard deviation, Skewness]: (Shape:(8, 8, 3)) 
[[[ 1.81125000e+02  1.95228233e+01 -1.00179172e+00]
  [ 2.17640625e+02  8.97281837e+00 -3.08140546e-01]
  [ 2.40578125e+02  5.22555208e+00 -5.08570135e-01]
  [ 2.42687500e+02  6.73116589e+00 -9.32005405e-01]
  [ 2.32218750e+02  3.08458233e+00  4.39603239e-01]
  [ 2.26453125e+02  3.68667221e+00 -8.83782282e-02]
  [ 2.11046875e+02  1.20965252e+01 -1.55658937e+00]
  [ 6.98906250e+01  3.37759705e+01  1.39058650e+00]]

 [[ 1.70062500e+02  7.85587978e+00  1.02992868e+00]
  [ 1.75687500e+02  3.22179451e+01 -2.66364765e+00]
  [ 1.60000000e+02  3.47621384e+01 -7.29397774e-01]
  [ 1.71062500e+02  2.14788227e+01  4.17223155e-01]
  [ 2.22140625e+02  1.46840334e+01 -7.32333362e-01]
  [ 1.96796875e+02  3.31828156e+01 -1.41781497e+00]
  [ 1.80296875e+02  3.18162098e+01 -9.97159600e-01]
  [ 7.94687500e+01  5.19759483e+01  1.25512338e+00]]

 [[ 1.90203125e+02  1.61430912e+01 -6.80354953e-01]
  [ 1.70859375e+02  3.90179672e+01 -8.22635174e-01]
  [ 1.76203125e+02  3.76132355e+01 -1.04194212e+00]
  [ 1.83546875e+02  2.27691746e+01 -2.68602401e-01]
  [ 2.15062500e+02  1.79407654e+01  7.38554537e-01]
  [ 1.86640625e+02  4.09555244e+01  1.98811349e-02]
  [ 1.69140625e+02  4.42612495e+01 -1.61170006e+00]
  [ 7.76406250e+01  5.42639275e+01  1.45290804e+00]]

 [[ 1.96171875e+02  1.35699053e+01 -6.02615952e-01]
  [ 2.21968750e+02  9.77715588e+00 -1.15093784e-02]
  [ 2.32093750e+02  3.63024950e+00 -3.42033952e-01]
  [ 2.07859375e+02  1.83045998e+01 -5.68477571e-01]
  [ 2.06984375e+02  1.00770350e+01 -1.23809598e-01]
  [ 2.24859375e+02  1.84609947e+01 -6.34200156e-01]
  [ 2.09640625e+02  7.86878157e+00  1.36755407e-01]
  [ 8.66875000e+01  6.48370285e+01  1.07308185e+00]]

 [[ 1.82078125e+02  1.40382347e+01 -2.51572549e-01]
  [ 2.16328125e+02  6.43732929e+00 -3.27540249e-01]
  [ 2.24484375e+02  6.32453585e+00 -6.00498393e-02]
  [ 1.98203125e+02  2.83500309e+01 -3.26662272e-01]
  [ 1.81640625e+02  2.48912430e+01 -4.75086778e-01]
  [ 1.96156250e+02  2.68945961e+01 -2.80666023e-01]
  [ 2.22125000e+02  9.09584427e+00 -4.68990296e-01]
  [ 6.83906250e+01  4.98878822e+01  1.91353297e+00]]

 [[ 1.63718750e+02  1.69534931e+01  9.58131552e-02]
  [ 2.03703125e+02  9.74628067e+00 -4.82571155e-01]
  [ 2.15406250e+02  1.32484894e+01 -2.16535330e+00]
  [ 1.94984375e+02  4.06153793e+01 -1.21961880e+00]
  [ 1.82718750e+02  3.38556061e+01 -7.59893060e-01]
  [ 2.01734375e+02  2.49726372e+01 -1.98799515e+00]
  [ 2.12671875e+02  3.45909348e+01 -3.51236105e+00]
  [ 4.52812500e+01  9.13863468e+00  3.52787876e+00]]

 [[ 1.22406250e+02  2.81939259e+01 -3.58421892e-01]
  [ 1.75968750e+02  1.62826290e+01 -3.71732444e-01]
  [ 1.95359375e+02  1.40483170e+01 -1.61108315e+00]
  [ 1.78312500e+02  2.12403469e+01 -9.91192639e-01]
  [ 1.89109375e+02  1.98904171e+01 -1.25706029e+00]
  [ 1.89765625e+02  3.50458336e+01 -7.83780038e-01]
  [ 1.53312500e+02  7.79057693e+01 -6.05636775e-01]
  [ 4.15156250e+01  3.60118127e+00  5.07990301e-01]]

 [[ 9.59531250e+01  1.58562193e+01  5.73652446e-01]
  [ 1.14328125e+02  2.68241100e+01  1.67514026e-01]
  [ 1.56390625e+02  2.09229374e+01 -7.39388287e-01]
  [ 1.87000000e+02  1.15636826e+01 -8.78337204e-01]
  [ 2.04843750e+02  8.17239761e+00  8.11106086e-01]
  [ 2.03421875e+02  3.94389572e+01 -3.05936027e+00]
  [ 5.59218750e+01  4.95906105e+01  2.17074084e+00]
  [ 3.79843750e+01  3.07963157e+00  1.46860788e-02]]]

LBP feature values: (Shape:(256,)) 
[3.17382812e-02 6.59179687e-02 0.00000000e+00 5.83496094e-02
 0.00000000e+00 7.56835937e-03 0.00000000e+00 1.39892578e-01
 0.00000000e+00 1.22070312e-03 0.00000000e+00 5.85937500e-03
 0.00000000e+00 5.37109375e-03 0.00000000e+00 2.54882812e-01
 0.00000000e+00 1.14746094e-02 0.00000000e+00 4.15039062e-03
 0.00000000e+00 9.76562500e-04 0.00000000e+00 6.34765625e-03
 0.00000000e+00 3.66210937e-03 0.00000000e+00 4.39453125e-03
 0.00000000e+00 7.08007812e-03 0.00000000e+00 1.65527344e-01
 0.00000000e+00 0.00000000e+00 0.00000000e+00 0.00000000e+00
 0.00000000e+00 0.00000000e+00 0.00000000e+00 5.37109375e-03
 0.00000000e+00 0.00000000e+00 0.00000000e+00 2.44140625e-04
 0.00000000e+00 4.88281250e-04 0.00000000e+00 6.34765625e-03
 0.00000000e+00 0.00000000e+00 0.00000000e+00 1.46484375e-03
 0.00000000e+00 0.00000000e+00 0.00000000e+00 2.44140625e-03
 0.00000000e+00 0.00000000e+00 0.00000000e+00 3.90625000e-03
 0.00000000e+00 3.90625000e-03 0.00000000e+00 6.56738281e-02
 0.00000000e+00 0.00000000e+00 0.00000000e+00 0.00000000e+00
 0.00000000e+00 0.00000000e+00 0.00000000e+00 0.00000000e+00
 0.00000000e+00 0.00000000e+00 0.00000000e+00 0.00000000e+00
 0.00000000e+00 0.00000000e+00 0.00000000e+00 0.00000000e+00
 0.00000000e+00 0.00000000e+00 0.00000000e+00 0.00000000e+00
 0.00000000e+00 0.00000000e+00 0.00000000e+00 9.76562500e-04
 0.00000000e+00 0.00000000e+00 0.00000000e+00 0.00000000e+00
 0.00000000e+00 0.00000000e+00 0.00000000e+00 5.61523437e-03
 0.00000000e+00 0.00000000e+00 0.00000000e+00 0.00000000e+00
 0.00000000e+00 0.00000000e+00 0.00000000e+00 0.00000000e+00
 0.00000000e+00 0.00000000e+00 0.00000000e+00 0.00000000e+00
 0.00000000e+00 0.00000000e+00 0.00000000e+00 4.15039062e-03
 0.00000000e+00 0.00000000e+00 0.00000000e+00 0.00000000e+00
 0.00000000e+00 0.00000000e+00 0.00000000e+00 3.66210937e-03
 0.00000000e+00 0.00000000e+00 0.00000000e+00 0.00000000e+00
 0.00000000e+00 0.00000000e+00 0.00000000e+00 5.81054687e-02
 0.00000000e+00 0.00000000e+00 0.00000000e+00 0.00000000e+00
 0.00000000e+00 0.00000000e+00 0.00000000e+00 0.00000000e+00
 0.00000000e+00 0.00000000e+00 0.00000000e+00 0.00000000e+00
 0.00000000e+00 0.00000000e+00 0.00000000e+00 0.00000000e+00
 0.00000000e+00 0.00000000e+00 0.00000000e+00 0.00000000e+00
 0.00000000e+00 0.00000000e+00 0.00000000e+00 0.00000000e+00
 0.00000000e+00 0.00000000e+00 0.00000000e+00 0.00000000e+00
 0.00000000e+00 0.00000000e+00 0.00000000e+00 0.00000000e+00
 0.00000000e+00 0.00000000e+00 0.00000000e+00 0.00000000e+00
 0.00000000e+00 0.00000000e+00 0.00000000e+00 0.00000000e+00
 0.00000000e+00 0.00000000e+00 0.00000000e+00 0.00000000e+00
 0.00000000e+00 0.00000000e+00 0.00000000e+00 0.00000000e+00
 0.00000000e+00 0.00000000e+00 0.00000000e+00 0.00000000e+00
 0.00000000e+00 0.00000000e+00 0.00000000e+00 0.00000000e+00
 0.00000000e+00 0.00000000e+00 0.00000000e+00 0.00000000e+00
 0.00000000e+00 0.00000000e+00 0.00000000e+00 0.00000000e+00
 0.00000000e+00 0.00000000e+00 0.00000000e+00 0.00000000e+00
 0.00000000e+00 0.00000000e+00 0.00000000e+00 0.00000000e+00
 0.00000000e+00 0.00000000e+00 0.00000000e+00 0.00000000e+00
 0.00000000e+00 0.00000000e+00 0.00000000e+00 0.00000000e+00
 0.00000000e+00 0.00000000e+00 0.00000000e+00 0.00000000e+00
 0.00000000e+00 0.00000000e+00 0.00000000e+00 0.00000000e+00
 0.00000000e+00 0.00000000e+00 0.00000000e+00 0.00000000e+00
 0.00000000e+00 0.00000000e+00 0.00000000e+00 0.00000000e+00
 0.00000000e+00 0.00000000e+00 0.00000000e+00 0.00000000e+00
 0.00000000e+00 0.00000000e+00 0.00000000e+00 0.00000000e+00
 0.00000000e+00 0.00000000e+00 0.00000000e+00 0.00000000e+00
 0.00000000e+00 0.00000000e+00 0.00000000e+00 0.00000000e+00
 0.00000000e+00 0.00000000e+00 0.00000000e+00 0.00000000e+00
 0.00000000e+00 0.00000000e+00 0.00000000e+00 0.00000000e+00
 0.00000000e+00 0.00000000e+00 0.00000000e+00 0.00000000e+00
 0.00000000e+00 0.00000000e+00 0.00000000e+00 6.32324219e-02]

HOG feature values: (Shape:(1764,)) 
[0.33140033 0.19541733 0.         ... 0.01072676 0.01198162 0.00367095]

