Image image-0.png :
Color moments [Mean, Standard deviation, Skewness]: (Shape:(8, 8, 3)) 
[[[ 1.47078125e+02  4.15042534e+01 -5.50547123e-01]
  [ 1.96093750e+02  4.51289368e+00 -7.12079108e-01]
  [ 2.03921875e+02  3.69672441e+00  4.03322190e-01]
  [ 2.23531250e+02  6.45408964e+00 -5.34948707e-01]
  [ 2.14203125e+02  8.63709259e+00 -1.89562604e-01]
  [ 2.03359375e+02  4.38878965e+00 -1.24893665e+00]
  [ 2.02687500e+02  5.23770905e+00 -9.83680546e-01]
  [ 1.33718750e+02  4.28921127e+01 -1.74879298e-01]]

 [[ 1.48687500e+02  4.19217567e+01 -1.18269598e+00]
  [ 1.79312500e+02  2.19999104e+01 -8.18992555e-01]
  [ 1.66984375e+02  2.95928059e+01 -1.18022215e+00]
  [ 2.08671875e+02  8.53861618e+00 -9.26545680e-01]
  [ 2.02453125e+02  8.57673073e+00 -7.79203355e-01]
  [ 1.57171875e+02  2.70633259e+01 -5.36050141e-01]
  [ 1.75390625e+02  2.71400394e+01 -2.12070704e+00]
  [ 1.36015625e+02  4.88906593e+01 -1.02190578e+00]]

 [[ 1.83562500e+02  2.77881908e+01 -2.25600839e+00]
  [ 1.74703125e+02  3.89092178e+01 -5.13568878e-01]
  [ 1.48109375e+02  2.65660229e+01 -1.13266146e+00]
  [ 1.85375000e+02  1.78548832e+01 -8.36641550e-01]
  [ 1.85515625e+02  2.54337330e+01 -4.23911661e-01]
  [ 1.54156250e+02  2.03448544e+01 -5.39754748e-01]
  [ 1.55468750e+02  3.69175453e+01 -1.18210185e+00]
  [ 1.70671875e+02  2.95513630e+01 -2.68772697e+00]]

 [[ 1.92109375e+02  1.50417309e+01 -4.12154347e-01]
  [ 1.98281250e+02  5.87491703e+00  4.72196862e-02]
  [ 1.95765625e+02  1.17430058e+01  2.86162615e-01]
  [ 1.91921875e+02  8.75054359e+00 -7.17542887e-01]
  [ 1.99015625e+02  1.16236458e+01 -9.84945238e-01]
  [ 1.82625000e+02  1.04754181e+01  6.38891235e-02]
  [ 1.90484375e+02  7.61985922e+00 -4.29734826e-01]
  [ 1.84828125e+02  1.41593113e+01 -6.73089206e-01]]

 [[ 1.86156250e+02  4.84420471e+01 -2.45504451e+00]
  [ 2.18015625e+02  7.14469242e+00 -2.63826877e-01]
  [ 2.05125000e+02  7.88491440e+00 -2.55007505e+00]
  [ 1.96890625e+02  1.74938526e+01 -3.32554966e-01]
  [ 1.90437500e+02  2.14635410e+01 -7.51958668e-01]
  [ 2.01078125e+02  1.16247377e+01 -1.47198415e+00]
  [ 2.07921875e+02  6.00599861e+00 -1.41277527e-02]
  [ 1.73515625e+02  3.21325340e+01 -2.57425737e+00]]

 [[ 1.25484375e+02  8.46413345e+01 -1.25987574e-01]
  [ 2.30328125e+02  4.46883202e+00 -2.92629480e-01]
  [ 2.09843750e+02  1.01415281e+01 -4.06558871e-01]
  [ 1.87390625e+02  1.36308670e+01 -1.08421832e-01]
  [ 1.84750000e+02  9.77081108e+00  5.97239621e-02]
  [ 2.09953125e+02  7.99888611e+00 -9.69128966e-01]
  [ 2.12781250e+02  6.21859312e+00 -8.82040143e-01]
  [ 1.15859375e+02  7.28036423e+01 -2.10120112e-01]]

 [[ 6.32968750e+01  6.32103806e+01  1.48739707e+00]
  [ 2.27015625e+02  1.25430412e+01 -2.11235237e+00]
  [ 1.97640625e+02  3.24838257e+01 -7.89892197e-01]
  [ 1.60281250e+02  3.45187759e+01  6.86732680e-02]
  [ 1.48781250e+02  3.11626129e+01 -2.51410361e-02]
  [ 1.90390625e+02  2.64011211e+01 -1.43347967e+00]
  [ 1.95421875e+02  1.68279953e+01 -1.12273264e+00]
  [ 7.54843750e+01  6.09138680e+01  5.38826048e-01]]

 [[ 4.94062500e+01  3.74076843e+01  2.11452913e+00]
  [ 1.99484375e+02  1.47616396e+01  4.67967808e-01]
  [ 2.19984375e+02  9.46455956e+00 -2.08986187e+00]
  [ 2.01156250e+02  1.21735096e+01  2.20839828e-01]
  [ 1.91578125e+02  1.05056601e+01 -2.55556583e-01]
  [ 1.91671875e+02  1.46309338e+01 -1.34294271e+00]
  [ 1.65578125e+02  1.41474428e+01  7.45708272e-02]
  [ 7.64218750e+01  6.79645615e+01  6.06558502e-01]]]

LBP feature values: (Shape:(256,)) 
[3.22265625e-02 5.98144531e-02 0.00000000e+00 6.37207031e-02
 0.00000000e+00 6.10351562e-03 0.00000000e+00 1.37695312e-01
 0.00000000e+00 7.32421875e-04 0.00000000e+00 5.37109375e-03
 0.00000000e+00 5.37109375e-03 0.00000000e+00 2.74414062e-01
 0.00000000e+00 6.10351562e-03 0.00000000e+00 4.63867187e-03
 0.00000000e+00 1.70898437e-03 0.00000000e+00 3.66210937e-03
 0.00000000e+00 5.12695312e-03 0.00000000e+00 4.15039062e-03
 0.00000000e+00 7.56835937e-03 0.00000000e+00 1.73339844e-01
 0.00000000e+00 0.00000000e+00 0.00000000e+00 0.00000000e+00
 0.00000000e+00 2.44140625e-04 0.00000000e+00 2.19726562e-03
 0.00000000e+00 0.00000000e+00 0.00000000e+00 2.44140625e-04
 0.00000000e+00 2.44140625e-04 0.00000000e+00 4.15039062e-03
 0.00000000e+00 0.00000000e+00 0.00000000e+00 1.22070312e-03
 0.00000000e+00 2.44140625e-04 0.00000000e+00 2.19726562e-03
 0.00000000e+00 0.00000000e+00 0.00000000e+00 3.90625000e-03
 0.00000000e+00 3.66210937e-03 0.00000000e+00 7.22656250e-02
 0.00000000e+00 0.00000000e+00 0.00000000e+00 0.00000000e+00
 0.00000000e+00 0.00000000e+00 0.00000000e+00 0.00000000e+00
 0.00000000e+00 0.00000000e+00 0.00000000e+00 0.00000000e+00
 0.00000000e+00 0.00000000e+00 0.00000000e+00 0.00000000e+00
 0.00000000e+00 0.00000000e+00 0.00000000e+00 0.00000000e+00
 0.00000000e+00 0.00000000e+00 0.00000000e+00 0.00000000e+00
 0.00000000e+00 0.00000000e+00 0.00000000e+00 2.44140625e-04
 0.00000000e+00 0.00000000e+00 0.00000000e+00 5.37109375e-03
 0.00000000e+00 0.00000000e+00 0.00000000e+00 0.00000000e+00
 0.00000000e+00 0.00000000e+00 0.00000000e+00 0.00000000e+00
 0.00000000e+00 0.00000000e+00 0.00000000e+00 0.00000000e+00
 0.00000000e+00 0.00000000e+00 0.00000000e+00 1.95312500e-03
 0.00000000e+00 0.00000000e+00 0.00000000e+00 0.00000000e+00
 0.00000000e+00 0.00000000e+00 0.00000000e+00 2.44140625e-03
 0.00000000e+00 0.00000000e+00 0.00000000e+00 0.00000000e+00
 0.00000000e+00 0.00000000e+00 0.00000000e+00 6.03027344e-02
 0.00000000e+00 0.00000000e+00 0.00000000e+00 0.00000000e+00
 0.00000000e+00 0.00000000e+00 0.00000000e+00 0.00000000e+00
 0.00000000e+00 0.00000000e+00 0.00000000e+00 0.00000000e+00
 0.00000000e+00 0.00000000e+00 0.00000000e+00 0.00000000e+00
 0.00000000e+00 0.00000000e+00 0.00000000e+00 0.00000000e+00
 0.00000000e+00 0.00000000e+00 0.00000000e+00 0.00000000e+00
 0.00000000e+00 0.00000000e+00 0.00000000e+00 0.00000000e+00
 0.00000000e+00 0.00000000e+00 0.00000000e+00 0.00000000e+00
 0.00000000e+00 0.00000000e+00 0.00000000e+00 0.00000000e+00
 0.00000000e+00 0.00000000e+00 0.00000000e+00 0.00000000e+00
 0.00000000e+00 0.00000000e+00 0.00000000e+00 0.00000000e+00
 0.00000000e+00 0.00000000e+00 0.00000000e+00 0.00000000e+00
 0.00000000e+00 0.00000000e+00 0.00000000e+00 0.00000000e+00
 0.00000000e+00 0.00000000e+00 0.00000000e+00 0.00000000e+00
 0.00000000e+00 0.00000000e+00 0.00000000e+00 0.00000000e+00
 0.00000000e+00 0.00000000e+00 0.00000000e+00 0.00000000e+00
 0.00000000e+00 0.00000000e+00 0.00000000e+00 0.00000000e+00
 0.00000000e+00 0.00000000e+00 0.00000000e+00 0.00000000e+00
 0.00000000e+00 0.00000000e+00 0.00000000e+00 0.00000000e+00
 0.00000000e+00 0.00000000e+00 0.00000000e+00 0.00000000e+00
 0.00000000e+00 0.00000000e+00 0.00000000e+00 0.00000000e+00
 0.00000000e+00 0.00000000e+00 0.00000000e+00 0.00000000e+00
 0.00000000e+00 0.00000000e+00 0.00000000e+00 0.00000000e+00
 0.00000000e+00 0.00000000e+00 0.00000000e+00 0.00000000e+00
 0.00000000e+00 0.00000000e+00 0.00000000e+00 0.00000000e+00
 0.00000000e+00 0.00000000e+00 0.00000000e+00 0.00000000e+00
 0.00000000e+00 0.00000000e+00 0.00000000e+00 0.00000000e+00
 0.00000000e+00 0.00000000e+00 0.00000000e+00 0.00000000e+00
 0.00000000e+00 0.00000000e+00 0.00000000e+00 0.00000000e+00
 0.00000000e+00 0.00000000e+00 0.00000000e+00 0.00000000e+00
 0.00000000e+00 0.00000000e+00 0.00000000e+00 0.00000000e+00
 0.00000000e+00 0.00000000e+00 0.00000000e+00 4.73632812e-02]

HOG feature values: (Shape:(1764,)) 
[0.34298747 0.34298747 0.01171484 ... 0.01057377 0.04454767 0.2046834 ]

Image image-10.png :
Color moments [Mean, Standard deviation, Skewness]: (Shape:(8, 8, 3)) 
[[[ 1.71218750e+02  1.15304880e+01 -1.35300875e+00]
  [ 1.80859375e+02  2.09634113e+01 -1.61219287e+00]
  [ 1.67218750e+02  4.34904709e+01 -1.02361989e+00]
  [ 1.81734375e+02  2.55876198e+01 -1.21848655e+00]
  [ 1.76140625e+02  2.93272839e+01 -6.80205047e-01]
  [ 1.46625000e+02  3.48982887e+01 -4.91491973e-01]
  [ 1.51453125e+02  1.83251286e+01 -1.05679810e+00]
  [ 1.49046875e+02  9.75068855e+00 -1.20806992e+00]]

 [[ 1.55375000e+02  2.57587967e+01  5.38557291e-01]
  [ 1.71796875e+02  2.90958443e+01  8.02256465e-01]
  [ 1.43875000e+02  3.00782833e+01  7.69872487e-01]
  [ 1.45171875e+02  3.24766998e+01 -2.00498983e-01]
  [ 1.16250000e+02  2.34960098e+01 -4.44679976e-01]
  [ 1.37828125e+02  4.25185814e+01  7.49322355e-01]
  [ 1.48406250e+02  2.38286324e+01 -4.66254890e-01]
  [ 1.23203125e+02  1.88332977e+01  3.72928649e-01]]

 [[ 1.36796875e+02  5.26578522e+01 -1.79211684e-02]
  [ 1.42109375e+02  2.92692852e+01 -7.88055182e-01]
  [ 1.32906250e+02  2.52844563e+01 -4.77489293e-01]
  [ 1.49937500e+02  3.07859936e+01 -8.48983109e-01]
  [ 1.33734375e+02  2.73457279e+01 -9.58686054e-01]
  [ 1.31015625e+02  2.05232277e+01 -1.59636295e+00]
  [ 1.34437500e+02  2.22091446e+01 -1.03524959e+00]
  [ 1.31468750e+02  4.34561424e+01 -2.10600764e-01]]

 [[ 1.25875000e+02  4.69885292e+01 -9.28213835e-01]
  [ 1.59687500e+02  2.19579678e+01 -1.26160324e+00]
  [ 1.39812500e+02  2.53690720e+01 -3.76615077e-01]
  [ 1.53265625e+02  4.00902252e+01 -1.22875869e+00]
  [ 1.31453125e+02  3.40472679e+01 -1.28066468e+00]
  [ 1.35796875e+02  2.59212608e+01 -8.75365257e-01]
  [ 1.47843750e+02  1.97912693e+01 -9.90467846e-01]
  [ 1.43015625e+02  2.33669701e+01  4.13431525e-01]]

 [[ 1.53609375e+02  1.99746857e+01 -4.71030712e-01]
  [ 1.86000000e+02  1.71336651e+01 -2.16056609e+00]
  [ 1.75781250e+02  1.39781847e+01 -7.25146532e-01]
  [ 1.46515625e+02  4.23891869e+01 -1.14680350e+00]
  [ 1.29828125e+02  4.14791183e+01 -7.53858984e-01]
  [ 1.50906250e+02  2.20168400e+01 -1.61744809e+00]
  [ 1.69343750e+02  8.16666031e+00  2.72916704e-01]
  [ 1.39687500e+02  1.70421124e+01 -2.40298081e-02]]

 [[ 1.52890625e+02  1.76901436e+01 -4.62687194e-01]
  [ 1.81656250e+02  7.23537064e+00 -5.77034175e-01]
  [ 1.56656250e+02  4.16612892e+01 -1.53733873e+00]
  [ 1.09312500e+02  6.04371758e+01 -1.29230708e-01]
  [ 1.04437500e+02  5.15266533e+01  3.19082648e-01]
  [ 1.28640625e+02  4.28687515e+01 -9.28319573e-01]
  [ 1.54062500e+02  8.15259743e+00 -1.26668763e+00]
  [ 1.27781250e+02  2.01288567e+01 -2.19839787e+00]]

 [[ 1.02968750e+02  6.13766479e+01 -6.09205782e-01]
  [ 1.63437500e+02  1.07774000e+01 -8.77991319e-02]
  [ 1.50781250e+02  2.50252800e+01 -8.24765682e-01]
  [ 1.16156250e+02  2.94889908e+01 -1.06012869e+00]
  [ 1.13984375e+02  2.18242207e+01 -1.71504927e+00]
  [ 1.37484375e+02  1.66367359e+01 -1.05655861e+00]
  [ 1.40187500e+02  7.52677536e+00  1.18064678e+00]
  [ 9.86250000e+01  4.12755585e+01 -7.40472138e-01]]

 [[ 3.81093750e+01  4.57718887e+01  1.41391790e+00]
  [ 1.48531250e+02  9.98587894e+00 -1.10842049e+00]
  [ 1.59828125e+02  7.37935209e+00  9.72217470e-02]
  [ 1.40593750e+02  2.18315411e+01 -5.86105943e-01]
  [ 1.33000000e+02  1.91139679e+01 -2.45599478e-01]
  [ 1.36187500e+02  7.51846695e+00  7.36248791e-02]
  [ 1.29187500e+02  5.38189983e+00 -4.35330093e-01]
  [ 6.27812500e+01  5.67435226e+01  2.01650523e-02]]]

LBP feature values: (Shape:(256,)) 
[3.66210937e-02 7.34863281e-02 0.00000000e+00 6.68945312e-02
 0.00000000e+00 7.32421875e-03 0.00000000e+00 1.34033203e-01
 0.00000000e+00 1.95312500e-03 0.00000000e+00 5.37109375e-03
 0.00000000e+00 5.37109375e-03 0.00000000e+00 2.58789062e-01
 0.00000000e+00 9.52148437e-03 0.00000000e+00 3.90625000e-03
 0.00000000e+00 7.32421875e-04 0.00000000e+00 7.08007812e-03
 0.00000000e+00 3.41796875e-03 0.00000000e+00 7.32421875e-03
 0.00000000e+00 5.61523437e-03 0.00000000e+00 1.48437500e-01
 0.00000000e+00 0.00000000e+00 0.00000000e+00 0.00000000e+00
 0.00000000e+00 0.00000000e+00 0.00000000e+00 2.92968750e-03
 0.00000000e+00 0.00000000e+00 0.00000000e+00 0.00000000e+00
 0.00000000e+00 4.88281250e-04 0.00000000e+00 6.83593750e-03
 0.00000000e+00 0.00000000e+00 0.00000000e+00 2.44140625e-04
 0.00000000e+00 2.44140625e-04 0.00000000e+00 3.90625000e-03
 0.00000000e+00 0.00000000e+00 0.00000000e+00 1.70898437e-03
 0.00000000e+00 5.61523437e-03 0.00000000e+00 6.22558594e-02
 0.00000000e+00 0.00000000e+00 0.00000000e+00 0.00000000e+00
 0.00000000e+00 0.00000000e+00 0.00000000e+00 0.00000000e+00
 0.00000000e+00 0.00000000e+00 0.00000000e+00 0.00000000e+00
 0.00000000e+00 0.00000000e+00 0.00000000e+00 0.00000000e+00
 0.00000000e+00 0.00000000e+00 0.00000000e+00 0.00000000e+00
 0.00000000e+00 0.00000000e+00 0.00000000e+00 7.32421875e-04
 0.00000000e+00 0.00000000e+00 0.00000000e+00 2.44140625e-04
 0.00000000e+00 0.00000000e+00 0.00000000e+00 3.66210937e-03
 0.00000000e+00 0.00000000e+00 0.00000000e+00 0.00000000e+00
 0.00000000e+00 0.00000000e+00 0.00000000e+00 0.00000000e+00
 0.00000000e+00 0.00000000e+00 0.00000000e+00 0.00000000e+00
 0.00000000e+00 0.00000000e+00 0.00000000e+00 3.17382812e-03
 0.00000000e+00 0.00000000e+00 0.00000000e+00 0.00000000e+00
 0.00000000e+00 0.00000000e+00 0.00000000e+00 2.92968750e-03
 0.00000000e+00 0.00000000e+00 0.00000000e+00 0.00000000e+00
 0.00000000e+00 0.00000000e+00 0.00000000e+00 7.71484375e-02
 0.00000000e+00 0.00000000e+00 0.00000000e+00 0.00000000e+00
 0.00000000e+00 0.00000000e+00 0.00000000e+00 0.00000000e+00
 0.00000000e+00 0.00000000e+00 0.00000000e+00 0.00000000e+00
 0.00000000e+00 0.00000000e+00 0.00000000e+00 0.00000000e+00
 0.00000000e+00 0.00000000e+00 0.00000000e+00 0.00000000e+00
 0.00000000e+00 0.00000000e+00 0.00000000e+00 0.00000000e+00
 0.00000000e+00 0.00000000e+00 0.00000000e+00 0.00000000e+00
 0.00000000e+00 0.00000000e+00 0.00000000e+00 0.00000000e+00
 0.00000000e+00 0.00000000e+00 0.00000000e+00 0.00000000e+00
 0.00000000e+00 0.00000000e+00 0.00000000e+00 0.00000000e+00
 0.00000000e+00 0.00000000e+00 0.00000000e+00 0.00000000e+00
 0.00000000e+00 0.00000000e+00 0.00000000e+00 0.00000000e+00
 0.00000000e+00 0.00000000e+00 0.00000000e+00 0.00000000e+00
 0.00000000e+00 0.00000000e+00 0.00000000e+00 0.00000000e+00
 0.00000000e+00 0.00000000e+00 0.00000000e+00 0.00000000e+00
 0.00000000e+00 0.00000000e+00 0.00000000e+00 0.00000000e+00
 0.00000000e+00 0.00000000e+00 0.00000000e+00 0.00000000e+00
 0.00000000e+00 0.00000000e+00 0.00000000e+00 0.00000000e+00
 0.00000000e+00 0.00000000e+00 0.00000000e+00 0.00000000e+00
 0.00000000e+00 0.00000000e+00 0.00000000e+00 0.00000000e+00
 0.00000000e+00 0.00000000e+00 0.00000000e+00 0.00000000e+00
 0.00000000e+00 0.00000000e+00 0.00000000e+00 0.00000000e+00
 0.00000000e+00 0.00000000e+00 0.00000000e+00 0.00000000e+00
 0.00000000e+00 0.00000000e+00 0.00000000e+00 0.00000000e+00
 0.00000000e+00 0.00000000e+00 0.00000000e+00 0.00000000e+00
 0.00000000e+00 0.00000000e+00 0.00000000e+00 0.00000000e+00
 0.00000000e+00 0.00000000e+00 0.00000000e+00 0.00000000e+00
 0.00000000e+00 0.00000000e+00 0.00000000e+00 0.00000000e+00
 0.00000000e+00 0.00000000e+00 0.00000000e+00 0.00000000e+00
 0.00000000e+00 0.00000000e+00 0.00000000e+00 0.00000000e+00
 0.00000000e+00 0.00000000e+00 0.00000000e+00 0.00000000e+00
 0.00000000e+00 0.00000000e+00 0.00000000e+00 5.20019531e-02]

HOG feature values: (Shape:(1764,)) 
[0.138269   0.10804704 0.02242036 ... 0.         0.         0.44704628]

Image image-100.png :
Color moments [Mean, Standard deviation, Skewness]: (Shape:(8, 8, 3)) 
[[[ 1.87921875e+02  8.02763367e+01 -1.02830660e+00]
  [ 2.14609375e+02  3.70584908e+01 -1.56289434e+00]
  [ 2.07718750e+02  4.46018753e+01 -1.60030675e+00]
  [ 2.23078125e+02  1.34621048e+01 -1.81805015e+00]
  [ 2.11484375e+02  2.58903885e+01 -2.31129336e+00]
  [ 1.61453125e+02  5.13197441e+01 -1.05783951e+00]
  [ 1.45531250e+02  4.57858353e+01 -9.95028555e-01]
  [ 1.41812500e+02  4.27704163e+01 -8.08810115e-01]]

 [[ 1.89625000e+02  5.33878784e+01 -7.24466860e-01]
  [ 1.44859375e+02  6.61928635e+01 -6.86024083e-03]
  [ 1.15312500e+02  5.12118378e+01  1.49722293e-01]
  [ 2.04156250e+02  3.74300270e+01 -9.41449344e-01]
  [ 1.59703125e+02  4.06608200e+01 -3.47853154e-01]
  [ 1.09562500e+02  5.05893021e+01 -1.22709319e-01]
  [ 1.04812500e+02  5.86943550e+01  1.13760112e-02]
  [ 1.08875000e+02  2.99846306e+01 -1.53861344e-01]]

 [[ 2.33484375e+02  1.88704376e+01 -2.03765798e+00]
  [ 1.93468750e+02  5.01700096e+01 -8.50851536e-01]
  [ 1.81875000e+02  4.59362679e+01 -1.19278419e+00]
  [ 1.94875000e+02  2.36494579e+01 -1.49201238e+00]
  [ 1.59796875e+02  1.53207150e+01 -2.16740894e+00]
  [ 1.69187500e+02  3.16078873e+01 -2.03229046e+00]
  [ 1.46000000e+02  4.70959778e+01 -6.35982931e-01]
  [ 1.66734375e+02  2.66430359e+01 -4.49789107e-01]]

 [[ 2.41890625e+02  7.52935314e+00 -1.29775476e+00]
  [ 2.43390625e+02  5.19199276e+00 -3.55970681e-01]
  [ 2.36437500e+02  6.81421995e+00 -3.80825788e-01]
  [ 2.00046875e+02  2.83666992e+01 -1.12922466e+00]
  [ 1.67421875e+02  1.88487434e+01  7.23301098e-02]
  [ 2.00109375e+02  6.46654177e+00 -7.03873634e-01]
  [ 1.97640625e+02  4.34945107e+00 -1.36359024e+00]
  [ 1.85031250e+02  2.27650833e+01 -1.75042856e+00]]

 [[ 2.11250000e+02  3.79744987e+01 -1.90409482e+00]
  [ 2.41250000e+02  7.52288198e+00 -1.24661088e+00]
  [ 2.16390625e+02  1.92788887e+01 -2.41440296e+00]
  [ 1.16640625e+02  3.53661041e+01  2.82444805e-01]
  [ 1.05015625e+02  3.23218651e+01 -6.03345573e-01]
  [ 1.90250000e+02  1.53052282e+01 -7.98937619e-01]
  [ 1.91562500e+02  7.59497166e+00 -2.01835662e-01]
  [ 1.62421875e+02  3.12143803e+01 -1.37427688e+00]]

 [[ 1.67718750e+02  5.84172668e+01 -5.50750732e-01]
  [ 2.22734375e+02  2.59170799e+01 -2.36420298e+00]
  [ 1.29656250e+02  3.72991371e+01  8.83898556e-01]
  [ 1.13296875e+02  3.38450890e+01  4.65827510e-02]
  [ 8.51406250e+01  2.43219719e+01  4.18415591e-02]
  [ 1.05140625e+02  4.42365303e+01  2.53513396e-01]
  [ 1.78421875e+02  1.32048817e+01 -2.60544419e+00]
  [ 1.23500000e+02  3.77023697e+01 -4.65907007e-01]]

 [[ 1.13500000e+02  6.41507034e+01  5.41133024e-02]
  [ 1.94765625e+02  1.77383251e+01 -4.58064377e-01]
  [ 1.69171875e+02  4.57775002e+01 -1.17981136e+00]
  [ 1.64625000e+02  3.60778236e+01 -6.64911389e-01]
  [ 1.40968750e+02  2.93651409e+01 -5.63283384e-01]
  [ 1.42203125e+02  3.05609913e+01 -1.40967572e+00]
  [ 1.40203125e+02  2.06565514e+01  8.66614506e-02]
  [ 8.37968750e+01  4.04425430e+01 -3.14698219e-01]]

 [[ 5.84687500e+01  4.23279495e+01  1.26040995e+00]
  [ 1.60343750e+02  3.31856613e+01 -1.12165320e+00]
  [ 1.93968750e+02  1.85960083e+01 -7.71937728e-01]
  [ 1.19437500e+02  3.30245514e+01  1.10106133e-02]
  [ 1.07796875e+02  2.51819496e+01 -1.48006305e-01]
  [ 1.33859375e+02  2.13364906e+01 -7.48533666e-01]
  [ 9.97812500e+01  2.04988327e+01 -1.28449470e-01]
  [ 3.29843750e+01  2.85353336e+01  1.22170174e+00]]]

LBP feature values: (Shape:(256,)) 
[3.54003906e-02 6.76269531e-02 0.00000000e+00 6.05468750e-02
 0.00000000e+00 7.56835937e-03 0.00000000e+00 1.35498047e-01
 0.00000000e+00 3.66210937e-03 0.00000000e+00 7.08007812e-03
 0.00000000e+00 5.61523437e-03 0.00000000e+00 2.81738281e-01
 0.00000000e+00 8.30078125e-03 0.00000000e+00 3.17382812e-03
 0.00000000e+00 2.44140625e-03 0.00000000e+00 4.39453125e-03
 0.00000000e+00 2.19726562e-03 0.00000000e+00 5.12695312e-03
 0.00000000e+00 5.61523437e-03 0.00000000e+00 1.58203125e-01
 0.00000000e+00 0.00000000e+00 0.00000000e+00 0.00000000e+00
 0.00000000e+00 2.44140625e-04 0.00000000e+00 4.15039062e-03
 0.00000000e+00 0.00000000e+00 0.00000000e+00 4.88281250e-04
 0.00000000e+00 0.00000000e+00 0.00000000e+00 5.12695312e-03
 0.00000000e+00 0.00000000e+00 0.00000000e+00 1.22070312e-03
 0.00000000e+00 4.88281250e-04 0.00000000e+00 4.15039062e-03
 0.00000000e+00 0.00000000e+00 0.00000000e+00 2.68554687e-03
 0.00000000e+00 3.66210937e-03 0.00000000e+00 7.12890625e-02
 0.00000000e+00 0.00000000e+00 0.00000000e+00 0.00000000e+00
 0.00000000e+00 0.00000000e+00 0.00000000e+00 0.00000000e+00
 0.00000000e+00 0.00000000e+00 0.00000000e+00 0.00000000e+00
 0.00000000e+00 0.00000000e+00 0.00000000e+00 0.00000000e+00
 0.00000000e+00 0.00000000e+00 0.00000000e+00 0.00000000e+00
 0.00000000e+00 0.00000000e+00 0.00000000e+00 2.44140625e-04
 0.00000000e+00 0.00000000e+00 0.00000000e+00 2.44140625e-04
 0.00000000e+00 0.00000000e+00 0.00000000e+00 3.66210937e-03
 0.00000000e+00 0.00000000e+00 0.00000000e+00 0.00000000e+00
 0.00000000e+00 0.00000000e+00 0.00000000e+00 0.00000000e+00
 0.00000000e+00 0.00000000e+00 0.00000000e+00 0.00000000e+00
 0.00000000e+00 0.00000000e+00 0.00000000e+00 5.37109375e-03
 0.00000000e+00 0.00000000e+00 0.00000000e+00 0.00000000e+00
 0.00000000e+00 0.00000000e+00 0.00000000e+00 2.44140625e-03
 0.00000000e+00 0.00000000e+00 0.00000000e+00 0.00000000e+00
 0.00000000e+00 0.00000000e+00 0.00000000e+00 5.73730469e-02
 0.00000000e+00 0.00000000e+00 0.00000000e+00 0.00000000e+00
 0.00000000e+00 0.00000000e+00 0.00000000e+00 0.00000000e+00
 0.00000000e+00 0.00000000e+00 0.00000000e+00 0.00000000e+00
 0.00000000e+00 0.00000000e+00 0.00000000e+00 0.00000000e+00
 0.00000000e+00 0.00000000e+00 0.00000000e+00 0.00000000e+00
 0.00000000e+00 0.00000000e+00 0.00000000e+00 0.00000000e+00
 0.00000000e+00 0.00000000e+00 0.00000000e+00 0.00000000e+00
 0.00000000e+00 0.00000000e+00 0.00000000e+00 0.00000000e+00
 0.00000000e+00 0.00000000e+00 0.00000000e+00 0.00000000e+00
 0.00000000e+00 0.00000000e+00 0.00000000e+00 0.00000000e+00
 0.00000000e+00 0.00000000e+00 0.00000000e+00 0.00000000e+00
 0.00000000e+00 0.00000000e+00 0.00000000e+00 0.00000000e+00
 0.00000000e+00 0.00000000e+00 0.00000000e+00 0.00000000e+00
 0.00000000e+00 0.00000000e+00 0.00000000e+00 0.00000000e+00
 0.00000000e+00 0.00000000e+00 0.00000000e+00 0.00000000e+00
 0.00000000e+00 0.00000000e+00 0.00000000e+00 0.00000000e+00
 0.00000000e+00 0.00000000e+00 0.00000000e+00 0.00000000e+00
 0.00000000e+00 0.00000000e+00 0.00000000e+00 0.00000000e+00
 0.00000000e+00 0.00000000e+00 0.00000000e+00 0.00000000e+00
 0.00000000e+00 0.00000000e+00 0.00000000e+00 0.00000000e+00
 0.00000000e+00 0.00000000e+00 0.00000000e+00 0.00000000e+00
 0.00000000e+00 0.00000000e+00 0.00000000e+00 0.00000000e+00
 0.00000000e+00 0.00000000e+00 0.00000000e+00 0.00000000e+00
 0.00000000e+00 0.00000000e+00 0.00000000e+00 0.00000000e+00
 0.00000000e+00 0.00000000e+00 0.00000000e+00 0.00000000e+00
 0.00000000e+00 0.00000000e+00 0.00000000e+00 0.00000000e+00
 0.00000000e+00 0.00000000e+00 0.00000000e+00 0.00000000e+00
 0.00000000e+00 0.00000000e+00 0.00000000e+00 0.00000000e+00
 0.00000000e+00 0.00000000e+00 0.00000000e+00 0.00000000e+00
 0.00000000e+00 0.00000000e+00 0.00000000e+00 0.00000000e+00
 0.00000000e+00 0.00000000e+00 0.00000000e+00 0.00000000e+00
 0.00000000e+00 0.00000000e+00 0.00000000e+00 4.29687500e-02]

HOG feature values: (Shape:(1764,)) 
[0.30815856 0.30815856 0.04173903 ... 0.         0.00365376 0.09355143]

Image image-110.png :
Color moments [Mean, Standard deviation, Skewness]: (Shape:(8, 8, 3)) 
[[[ 1.86250000e+02  2.23369083e+01 -6.20716989e-01]
  [ 2.34625000e+02  4.29207134e+00 -6.59687281e-01]
  [ 2.45140625e+02  3.77022529e+00 -4.69684541e-01]
  [ 2.51609375e+02  1.85082066e+00  1.07772008e-01]
  [ 2.53328125e+02  1.29969573e+00 -2.39707649e-01]
  [ 2.48343750e+02  2.37314892e+00 -1.59346804e-01]
  [ 2.40687500e+02  5.63991070e+00 -8.93574774e-01]
  [ 1.68859375e+02  4.50280685e+01 -8.41520488e-01]]

 [[ 1.59156250e+02  2.51825943e+01  3.24310720e-01]
  [ 1.71953125e+02  4.13930931e+01  3.82046640e-01]
  [ 1.53562500e+02  5.14064293e+01  5.80258429e-01]
  [ 2.10750000e+02  3.98336372e+01 -1.08610618e+00]
  [ 2.23687500e+02  2.88881874e+01 -1.26764703e+00]
  [ 1.62078125e+02  5.54274025e+01  4.37917948e-01]
  [ 1.70031250e+02  4.88844185e+01  1.47960097e-01]
  [ 1.59859375e+02  3.33526917e+01 -2.92645603e-01]]

 [[ 1.69453125e+02  2.54778881e+01  6.24996424e-01]
  [ 1.45843750e+02  3.95257912e+01 -6.24758340e-02]
  [ 1.58781250e+02  3.57951927e+01 -9.27988470e-01]
  [ 1.93156250e+02  3.70844536e+01 -6.60899043e-01]
  [ 2.15890625e+02  2.97684364e+01 -6.64780915e-01]
  [ 1.62968750e+02  3.10669479e+01 -7.96739161e-01]
  [ 1.47531250e+02  3.54365501e+01 -4.44466472e-01]
  [ 1.72828125e+02  2.36501541e+01 -3.54295135e-01]]

 [[ 1.81656250e+02  3.10992451e+01 -3.53497386e-01]
  [ 2.27109375e+02  8.34625149e+00 -1.29703140e+00]
  [ 2.25734375e+02  1.06172647e+01 -1.28200006e+00]
  [ 2.12640625e+02  1.52329483e+01  4.17632073e-01]
  [ 2.32062500e+02  1.80985794e+01 -7.22890258e-01]
  [ 2.20937500e+02  1.34488325e+01 -8.12354088e-01]
  [ 2.22484375e+02  1.16739454e+01 -9.01732802e-01]
  [ 1.83453125e+02  4.25062218e+01 -1.59623277e+00]]

 [[ 1.34281250e+02  4.17243423e+01 -1.43859565e+00]
  [ 2.08250000e+02  2.07785950e+01 -1.10494196e+00]
  [ 2.15343750e+02  1.88789062e+01 -2.28775501e+00]
  [ 1.50937500e+02  5.41109619e+01 -4.87142429e-02]
  [ 1.70562500e+02  5.60902939e+01 -6.64873719e-02]
  [ 2.06484375e+02  1.95895309e+01 -1.66678023e+00]
  [ 2.14421875e+02  1.38730907e+01 -1.00940979e+00]
  [ 1.60671875e+02  3.00281410e+01 -9.46013689e-01]]

 [[ 9.76562500e+01  3.78806610e+01 -1.66311011e-01]
  [ 1.71265625e+02  1.85373287e+01  7.39953443e-02]
  [ 1.87593750e+02  3.49484978e+01 -1.36600649e+00]
  [ 1.68546875e+02  4.88760948e+01 -3.15731227e-01]
  [ 1.68000000e+02  4.07837296e+01 -4.35278565e-01]
  [ 1.86609375e+02  3.21289482e+01 -1.07401586e+00]
  [ 1.90609375e+02  1.35296173e+01 -3.59819770e-01]
  [ 1.05515625e+02  6.08232536e+01 -2.63620257e-01]]

 [[ 3.96093750e+01  3.04464779e+01  1.19856775e+00]
  [ 1.25281250e+02  3.43299561e+01  7.93777928e-02]
  [ 1.95046875e+02  1.07448092e+01 -5.46832621e-01]
  [ 1.66171875e+02  1.81749783e+01  9.11770537e-02]
  [ 1.63187500e+02  1.76182384e+01  2.41631120e-02]
  [ 2.00031250e+02  1.37306328e+01 -1.57884061e+00]
  [ 1.53640625e+02  2.64228630e+01 -1.80818364e-01]
  [ 4.76562500e+01  4.64186859e+01  1.05201042e+00]]

 [[ 2.80468750e+01  1.85391712e+01  2.39716816e+00]
  [ 9.40625000e+01  1.77490101e+01 -6.95424318e-01]
  [ 1.24796875e+02  6.48855209e+01  2.00469211e-01]
  [ 1.93453125e+02  3.32964554e+01 -1.26450551e+00]
  [ 1.93656250e+02  3.23429947e+01 -8.15697670e-01]
  [ 1.64968750e+02  4.21125603e+01 -3.47472966e-01]
  [ 1.53890625e+02  1.63440704e+01 -1.92876410e+00]
  [ 6.61250000e+01  4.75202255e+01  7.13103175e-01]]]

LBP feature values: (Shape:(256,)) 
[2.36816406e-02 5.12695312e-02 0.00000000e+00 4.98046875e-02
 0.00000000e+00 3.90625000e-03 0.00000000e+00 1.51367187e-01
 0.00000000e+00 2.19726562e-03 0.00000000e+00 4.63867187e-03
 0.00000000e+00 4.15039062e-03 0.00000000e+00 3.48876953e-01
 0.00000000e+00 4.63867187e-03 0.00000000e+00 2.44140625e-03
 0.00000000e+00 9.76562500e-04 0.00000000e+00 4.88281250e-03
 0.00000000e+00 2.19726562e-03 0.00000000e+00 2.44140625e-03
 0.00000000e+00 5.61523437e-03 0.00000000e+00 1.68212891e-01
 0.00000000e+00 0.00000000e+00 0.00000000e+00 0.00000000e+00
 0.00000000e+00 2.44140625e-04 0.00000000e+00 2.44140625e-03
 0.00000000e+00 0.00000000e+00 0.00000000e+00 2.44140625e-04
 0.00000000e+00 0.00000000e+00 0.00000000e+00 4.88281250e-03
 0.00000000e+00 0.00000000e+00 0.00000000e+00 2.44140625e-04
 0.00000000e+00 2.44140625e-04 0.00000000e+00 2.44140625e-03
 0.00000000e+00 0.00000000e+00 0.00000000e+00 2.92968750e-03
 0.00000000e+00 5.61523437e-03 0.00000000e+00 5.17578125e-02
 0.00000000e+00 0.00000000e+00 0.00000000e+00 0.00000000e+00
 0.00000000e+00 0.00000000e+00 0.00000000e+00 0.00000000e+00
 0.00000000e+00 0.00000000e+00 0.00000000e+00 0.00000000e+00
 0.00000000e+00 0.00000000e+00 0.00000000e+00 0.00000000e+00
 0.00000000e+00 0.00000000e+00 0.00000000e+00 0.00000000e+00
 0.00000000e+00 0.00000000e+00 0.00000000e+00 7.32421875e-04
 0.00000000e+00 0.00000000e+00 0.00000000e+00 0.00000000e+00
 0.00000000e+00 0.00000000e+00 0.00000000e+00 7.56835937e-03
 0.00000000e+00 0.00000000e+00 0.00000000e+00 0.00000000e+00
 0.00000000e+00 0.00000000e+00 0.00000000e+00 0.00000000e+00
 0.00000000e+00 0.00000000e+00 0.00000000e+00 0.00000000e+00
 0.00000000e+00 0.00000000e+00 0.00000000e+00 1.95312500e-03
 0.00000000e+00 0.00000000e+00 0.00000000e+00 0.00000000e+00
 0.00000000e+00 0.00000000e+00 0.00000000e+00 1.70898437e-03
 0.00000000e+00 0.00000000e+00 0.00000000e+00 0.00000000e+00
 0.00000000e+00 0.00000000e+00 0.00000000e+00 4.54101562e-02
 0.00000000e+00 0.00000000e+00 0.00000000e+00 0.00000000e+00
 0.00000000e+00 0.00000000e+00 0.00000000e+00 0.00000000e+00
 0.00000000e+00 0.00000000e+00 0.00000000e+00 0.00000000e+00
 0.00000000e+00 0.00000000e+00 0.00000000e+00 0.00000000e+00
 0.00000000e+00 0.00000000e+00 0.00000000e+00 0.00000000e+00
 0.00000000e+00 0.00000000e+00 0.00000000e+00 0.00000000e+00
 0.00000000e+00 0.00000000e+00 0.00000000e+00 0.00000000e+00
 0.00000000e+00 0.00000000e+00 0.00000000e+00 0.00000000e+00
 0.00000000e+00 0.00000000e+00 0.00000000e+00 0.00000000e+00
 0.00000000e+00 0.00000000e+00 0.00000000e+00 0.00000000e+00
 0.00000000e+00 0.00000000e+00 0.00000000e+00 0.00000000e+00
 0.00000000e+00 0.00000000e+00 0.00000000e+00 0.00000000e+00
 0.00000000e+00 0.00000000e+00 0.00000000e+00 0.00000000e+00
 0.00000000e+00 0.00000000e+00 0.00000000e+00 0.00000000e+00
 0.00000000e+00 0.00000000e+00 0.00000000e+00 0.00000000e+00
 0.00000000e+00 0.00000000e+00 0.00000000e+00 0.00000000e+00
 0.00000000e+00 0.00000000e+00 0.00000000e+00 0.00000000e+00
 0.00000000e+00 0.00000000e+00 0.00000000e+00 0.00000000e+00
 0.00000000e+00 0.00000000e+00 0.00000000e+00 0.00000000e+00
 0.00000000e+00 0.00000000e+00 0.00000000e+00 0.00000000e+00
 0.00000000e+00 0.00000000e+00 0.00000000e+00 0.00000000e+00
 0.00000000e+00 0.00000000e+00 0.00000000e+00 0.00000000e+00
 0.00000000e+00 0.00000000e+00 0.00000000e+00 0.00000000e+00
 0.00000000e+00 0.00000000e+00 0.00000000e+00 0.00000000e+00
 0.00000000e+00 0.00000000e+00 0.00000000e+00 0.00000000e+00
 0.00000000e+00 0.00000000e+00 0.00000000e+00 0.00000000e+00
 0.00000000e+00 0.00000000e+00 0.00000000e+00 0.00000000e+00
 0.00000000e+00 0.00000000e+00 0.00000000e+00 0.00000000e+00
 0.00000000e+00 0.00000000e+00 0.00000000e+00 0.00000000e+00
 0.00000000e+00 0.00000000e+00 0.00000000e+00 0.00000000e+00
 0.00000000e+00 0.00000000e+00 0.00000000e+00 0.00000000e+00
 0.00000000e+00 0.00000000e+00 0.00000000e+00 4.02832031e-02]

HOG feature values: (Shape:(1764,)) 
[0.37228916 0.13256664 0.         ... 0.         0.0466366  0.37767517]

Image image-120.png :
Color moments [Mean, Standard deviation, Skewness]: (Shape:(8, 8, 3)) 
[[[ 1.54953125e+02  3.44226608e+01 -1.19082570e+00]
  [ 2.06765625e+02  1.12870808e+01 -5.49992263e-01]
  [ 2.20031250e+02  1.05311575e+01 -1.05348444e+00]
  [ 2.24671875e+02  7.45833158e+00 -5.24341241e-02]
  [ 2.21828125e+02  8.31518650e+00 -1.00063491e+00]
  [ 2.12375000e+02  8.33760262e+00 -1.00184679e+00]
  [ 2.04093750e+02  1.19761724e+01 -6.20512724e-01]
  [ 1.55000000e+02  1.91278591e+01  5.26954889e-01]]

 [[ 1.34437500e+02  2.80679283e+01 -1.05586529e+00]
  [ 1.56343750e+02  3.03022366e+01 -1.06342077e+00]
  [ 1.20843750e+02  4.14439468e+01  2.39238769e-01]
  [ 1.67421875e+02  3.62404327e+01 -5.21555543e-01]
  [ 1.57203125e+02  3.67194481e+01 -2.61614531e-01]
  [ 1.16234375e+02  3.34648781e+01  2.76828229e-01]
  [ 1.33796875e+02  2.16038036e+01 -1.00722575e+00]
  [ 1.34046875e+02  1.22275686e+01 -7.88060799e-02]]

 [[ 1.42906250e+02  3.89184723e+01 -6.00154817e-01]
  [ 1.46375000e+02  4.11268997e+01 -7.77265549e-01]
  [ 1.24343750e+02  4.23505516e+01 -3.63153160e-01]
  [ 1.51250000e+02  5.25553284e+01  1.38701990e-01]
  [ 1.42453125e+02  4.55006599e+01  6.26302004e-01]
  [ 1.19437500e+02  3.96822815e+01 -2.45197028e-01]
  [ 1.34515625e+02  4.22618256e+01 -6.03099644e-01]
  [ 1.35578125e+02  1.54786186e+01  1.33799508e-01]]

 [[ 1.61734375e+02  2.13521385e+01  6.21402144e-01]
  [ 1.92109375e+02  1.21631069e+01 -8.82907808e-02]
  [ 1.75187500e+02  1.79486027e+01 -4.60465878e-01]
  [ 1.84703125e+02  3.49301453e+01 -7.90491328e-02]
  [ 1.79593750e+02  3.91442528e+01 -1.01709612e-01]
  [ 1.69781250e+02  2.06431503e+01 -5.89719117e-01]
  [ 1.81015625e+02  7.98727942e+00 -4.51073796e-01]
  [ 1.70109375e+02  2.07899590e+01 -2.82904021e-02]]

 [[ 1.48078125e+02  1.95474625e+01  1.20080912e+00]
  [ 1.50890625e+02  2.48873196e+01  6.68273628e-01]
  [ 1.51734375e+02  1.89450207e+01  1.80480406e-01]
  [ 1.62656250e+02  4.85061913e+01 -6.87217891e-01]
  [ 1.50937500e+02  4.64525566e+01 -4.83318031e-01]
  [ 1.33828125e+02  2.43333321e+01 -6.05834842e-01]
  [ 1.52328125e+02  2.13454132e+01  1.75495136e+00]
  [ 1.45625000e+02  1.65996056e+01  2.33040452e+00]]

 [[ 1.32328125e+02  1.76015396e+01 -4.72375542e-01]
  [ 1.57828125e+02  1.53210993e+01 -4.90794301e-01]
  [ 1.78218750e+02  1.67793293e+01 -8.63559842e-01]
  [ 1.31218750e+02  4.05044250e+01 -6.02031469e-01]
  [ 9.90312500e+01  1.56414604e+01 -8.10148656e-01]
  [ 1.34359375e+02  1.71321774e+01  2.80289561e-01]
  [ 1.46140625e+02  1.36849222e+01 -6.83618069e-01]
  [ 1.35546875e+02  4.39434910e+00  4.21578400e-02]]

 [[ 1.10000000e+02  1.82208672e+01  8.88802230e-01]
  [ 1.39250000e+02  1.55784302e+01 -2.96969563e-01]
  [ 1.20750000e+02  3.12549992e+01 -5.71933031e-01]
  [ 1.23046875e+02  3.28792419e+01 -2.09284350e-01]
  [ 1.07734375e+02  2.95086002e+01 -3.52870762e-01]
  [ 1.02109375e+02  2.34194870e+01 -6.71999633e-01]
  [ 1.21171875e+02  1.45629606e+01  1.83138818e-01]
  [ 1.21703125e+02  1.89396076e+01 -2.14439225e+00]]

 [[ 9.89062500e+01  3.46129112e+01  2.08984017e+00]
  [ 1.06890625e+02  2.89493732e+01 -2.32180879e-01]
  [ 1.45078125e+02  2.24710255e+01  9.18148011e-02]
  [ 1.32843750e+02  4.77733002e+01  1.42777339e-01]
  [ 1.22562500e+02  4.49022827e+01  5.49076676e-01]
  [ 1.31828125e+02  2.30085278e+01  5.00184774e-01]
  [ 1.06953125e+02  1.20421524e+01 -1.40473998e+00]
  [ 1.01015625e+02  3.15676308e+01 -1.82314053e-01]]]

LBP feature values: (Shape:(256,)) 
[3.27148437e-02 6.29882812e-02 0.00000000e+00 6.51855469e-02
 0.00000000e+00 7.32421875e-03 0.00000000e+00 1.52587891e-01
 0.00000000e+00 1.70898437e-03 0.00000000e+00 3.66210937e-03
 0.00000000e+00 3.66210937e-03 0.00000000e+00 2.87597656e-01
 0.00000000e+00 5.12695312e-03 0.00000000e+00 3.90625000e-03
 0.00000000e+00 2.44140625e-04 0.00000000e+00 3.90625000e-03
 0.00000000e+00 5.12695312e-03 0.00000000e+00 3.66210937e-03
 0.00000000e+00 5.37109375e-03 0.00000000e+00 1.64062500e-01
 0.00000000e+00 0.00000000e+00 0.00000000e+00 0.00000000e+00
 0.00000000e+00 2.44140625e-04 0.00000000e+00 2.19726562e-03
 0.00000000e+00 0.00000000e+00 0.00000000e+00 0.00000000e+00
 0.00000000e+00 0.00000000e+00 0.00000000e+00 5.12695312e-03
 0.00000000e+00 0.00000000e+00 0.00000000e+00 9.76562500e-04
 0.00000000e+00 0.00000000e+00 0.00000000e+00 2.92968750e-03
 0.00000000e+00 0.00000000e+00 0.00000000e+00 2.44140625e-03
 0.00000000e+00 5.12695312e-03 0.00000000e+00 5.44433594e-02
 0.00000000e+00 0.00000000e+00 0.00000000e+00 0.00000000e+00
 0.00000000e+00 0.00000000e+00 0.00000000e+00 0.00000000e+00
 0.00000000e+00 0.00000000e+00 0.00000000e+00 0.00000000e+00
 0.00000000e+00 0.00000000e+00 0.00000000e+00 0.00000000e+00
 0.00000000e+00 0.00000000e+00 0.00000000e+00 0.00000000e+00
 0.00000000e+00 0.00000000e+00 0.00000000e+00 9.76562500e-04
 0.00000000e+00 0.00000000e+00 0.00000000e+00 0.00000000e+00
 0.00000000e+00 0.00000000e+00 0.00000000e+00 4.88281250e-03
 0.00000000e+00 0.00000000e+00 0.00000000e+00 0.00000000e+00
 0.00000000e+00 0.00000000e+00 0.00000000e+00 0.00000000e+00
 0.00000000e+00 0.00000000e+00 0.00000000e+00 0.00000000e+00
 0.00000000e+00 0.00000000e+00 0.00000000e+00 4.15039062e-03
 0.00000000e+00 0.00000000e+00 0.00000000e+00 0.00000000e+00
 0.00000000e+00 0.00000000e+00 0.00000000e+00 3.66210937e-03
 0.00000000e+00 0.00000000e+00 0.00000000e+00 0.00000000e+00
 0.00000000e+00 0.00000000e+00 0.00000000e+00 5.51757812e-02
 0.00000000e+00 0.00000000e+00 0.00000000e+00 0.00000000e+00
 0.00000000e+00 0.00000000e+00 0.00000000e+00 0.00000000e+00
 0.00000000e+00 0.00000000e+00 0.00000000e+00 0.00000000e+00
 0.00000000e+00 0.00000000e+00 0.00000000e+00 0.00000000e+00
 0.00000000e+00 0.00000000e+00 0.00000000e+00 0.00000000e+00
 0.00000000e+00 0.00000000e+00 0.00000000e+00 0.00000000e+00
 0.00000000e+00 0.00000000e+00 0.00000000e+00 0.00000000e+00
 0.00000000e+00 0.00000000e+00 0.00000000e+00 0.00000000e+00
 0.00000000e+00 0.00000000e+00 0.00000000e+00 0.00000000e+00
 0.00000000e+00 0.00000000e+00 0.00000000e+00 0.00000000e+00
 0.00000000e+00 0.00000000e+00 0.00000000e+00 0.00000000e+00
 0.00000000e+00 0.00000000e+00 0.00000000e+00 0.00000000e+00
 0.00000000e+00 0.00000000e+00 0.00000000e+00 0.00000000e+00
 0.00000000e+00 0.00000000e+00 0.00000000e+00 0.00000000e+00
 0.00000000e+00 0.00000000e+00 0.00000000e+00 0.00000000e+00
 0.00000000e+00 0.00000000e+00 0.00000000e+00 0.00000000e+00
 0.00000000e+00 0.00000000e+00 0.00000000e+00 0.00000000e+00
 0.00000000e+00 0.00000000e+00 0.00000000e+00 0.00000000e+00
 0.00000000e+00 0.00000000e+00 0.00000000e+00 0.00000000e+00
 0.00000000e+00 0.00000000e+00 0.00000000e+00 0.00000000e+00
 0.00000000e+00 0.00000000e+00 0.00000000e+00 0.00000000e+00
 0.00000000e+00 0.00000000e+00 0.00000000e+00 0.00000000e+00
 0.00000000e+00 0.00000000e+00 0.00000000e+00 0.00000000e+00
 0.00000000e+00 0.00000000e+00 0.00000000e+00 0.00000000e+00
 0.00000000e+00 0.00000000e+00 0.00000000e+00 0.00000000e+00
 0.00000000e+00 0.00000000e+00 0.00000000e+00 0.00000000e+00
 0.00000000e+00 0.00000000e+00 0.00000000e+00 0.00000000e+00
 0.00000000e+00 0.00000000e+00 0.00000000e+00 0.00000000e+00
 0.00000000e+00 0.00000000e+00 0.00000000e+00 0.00000000e+00
 0.00000000e+00 0.00000000e+00 0.00000000e+00 0.00000000e+00
 0.00000000e+00 0.00000000e+00 0.00000000e+00 0.00000000e+00
 0.00000000e+00 0.00000000e+00 0.00000000e+00 4.88281250e-02]

HOG feature values: (Shape:(1764,)) 
[0.32761466 0.09149951 0.         ... 0.         0.26006882 0.26006882]

Image image-130.png :
Color moments [Mean, Standard deviation, Skewness]: (Shape:(8, 8, 3)) 
[[[ 1.87406250e+02  2.43777046e+01  9.79244187e-02]
  [ 2.26734375e+02  1.07445364e+01 -1.07855630e+00]
  [ 2.29937500e+02  2.44769497e+01 -1.73337293e+00]
  [ 2.43000000e+02  6.10839605e+00 -1.67082000e+00]
  [ 2.41656250e+02  5.93774652e+00  1.41475657e-02]
  [ 2.19843750e+02  1.99657669e+01 -1.32081139e+00]
  [ 1.83046875e+02  1.24730082e+01  3.82205129e-01]
  [ 1.44531250e+02  2.31779594e+01 -4.13904488e-01]]

 [[ 1.75859375e+02  1.55270605e+01  3.94253373e-01]
  [ 1.83390625e+02  2.58811092e+01 -1.90033853e+00]
  [ 1.53687500e+02  3.28009491e+01 -3.83844912e-01]
  [ 1.92265625e+02  3.77012253e+01 -3.48974407e-01]
  [ 1.88390625e+02  4.75439301e+01 -6.68488204e-01]
  [ 1.28203125e+02  3.08981075e+01  9.99116600e-01]
  [ 1.48171875e+02  2.38088455e+01  2.68323630e-01]
  [ 1.26250000e+02  1.56434889e+01  4.88352776e-01]]

 [[ 1.81703125e+02  2.59040775e+01 -7.15820074e-01]
  [ 1.59828125e+02  3.53763466e+01 -1.28462803e+00]
  [ 1.59140625e+02  4.07602997e+01 -7.06158936e-01]
  [ 1.72625000e+02  3.85115662e+01 -6.69167817e-01]
  [ 1.27921875e+02  3.62841644e+01  4.71759766e-01]
  [ 1.31531250e+02  3.73212280e+01  2.06727758e-01]
  [ 1.08703125e+02  2.82581158e+01 -7.09895790e-01]
  [ 1.20250000e+02  1.45688019e+01  1.66369706e-01]]

 [[ 1.79906250e+02  3.55051575e+01 -9.21244681e-01]
  [ 2.17718750e+02  1.08404169e+01 -1.75246680e+00]
  [ 2.20000000e+02  2.06443100e+01 -3.50157046e+00]
  [ 2.07093750e+02  4.17525139e+01 -1.40088117e+00]
  [ 1.50625000e+02  5.23230667e+01 -3.84317040e-01]
  [ 1.84359375e+02  1.82280407e+01 -6.81904435e-01]
  [ 1.66109375e+02  2.92874298e+01 -9.76576626e-01]
  [ 1.39187500e+02  3.32602768e+01 -6.19422197e-01]]

 [[ 1.65984375e+02  2.91748466e+01 -4.67596948e-01]
  [ 1.90515625e+02  3.68226280e+01 -1.05166101e+00]
  [ 1.51625000e+02  4.77547455e+01  8.90104771e-02]
  [ 1.54328125e+02  6.88453979e+01 -3.99180204e-01]
  [ 1.26921875e+02  5.78314629e+01 -4.17625278e-01]
  [ 1.40890625e+02  5.56647644e+01 -4.22071129e-01]
  [ 1.69500000e+02  2.35279083e+01 -1.20894480e+00]
  [ 1.31015625e+02  2.66191254e+01  1.27295807e-01]]

 [[ 1.46703125e+02  2.72630005e+01 -6.47610193e-03]
  [ 1.98015625e+02  1.81293030e+01 -1.19761229e+00]
  [ 1.60156250e+02  3.22016182e+01  2.49330327e-01]
  [ 1.01562500e+02  4.48803520e+01  1.83679685e-02]
  [ 8.59687500e+01  3.06237087e+01 -1.70616686e-01]
  [ 1.48703125e+02  4.49310837e+01 -5.97473621e-01]
  [ 1.51937500e+02  2.70386734e+01 -2.44013026e-01]
  [ 1.07765625e+02  2.68221817e+01  3.17324936e-01]]

 [[ 9.81406250e+01  3.08579731e+01 -6.58236444e-01]
  [ 1.51906250e+02  3.42694817e+01 -1.85214341e-01]
  [ 1.26718750e+02  5.50574875e+01 -4.74553667e-02]
  [ 1.13593750e+02  7.09862900e+01 -1.19242355e-01]
  [ 1.06000000e+02  5.75469933e+01 -1.06500402e-01]
  [ 1.04437500e+02  3.72520447e+01 -5.32252416e-02]
  [ 1.44109375e+02  2.63670712e+01 -5.70014179e-01]
  [ 8.16250000e+01  2.61948833e+01  3.03099245e-01]]

 [[ 5.48906250e+01  2.98706150e+01  3.45006198e-01]
  [ 9.49531250e+01  2.07322426e+01  1.99164346e-01]
  [ 1.69531250e+02  2.21937275e+01 -1.18598473e+00]
  [ 1.33281250e+02  3.08724537e+01  1.66459709e-01]
  [ 1.32468750e+02  2.36200180e+01 -7.60777891e-02]
  [ 1.37296875e+02  1.69343204e+01 -7.41722703e-01]
  [ 8.43750000e+01  2.90589371e+01  7.12758124e-01]
  [ 4.07031250e+01  2.72021828e+01 -8.21003690e-02]]]

LBP feature values: (Shape:(256,)) 
[4.19921875e-02 7.20214844e-02 0.00000000e+00 7.64160156e-02
 0.00000000e+00 8.54492187e-03 0.00000000e+00 1.40380859e-01
 0.00000000e+00 4.15039062e-03 0.00000000e+00 4.88281250e-03
 0.00000000e+00 5.37109375e-03 0.00000000e+00 2.53662109e-01
 0.00000000e+00 5.61523437e-03 0.00000000e+00 3.90625000e-03
 0.00000000e+00 2.44140625e-04 0.00000000e+00 4.15039062e-03
 0.00000000e+00 3.17382812e-03 0.00000000e+00 5.12695312e-03
 0.00000000e+00 5.12695312e-03 0.00000000e+00 1.35986328e-01
 0.00000000e+00 0.00000000e+00 0.00000000e+00 0.00000000e+00
 0.00000000e+00 4.88281250e-04 0.00000000e+00 5.12695312e-03
 0.00000000e+00 0.00000000e+00 0.00000000e+00 0.00000000e+00
 0.00000000e+00 2.44140625e-04 0.00000000e+00 7.81250000e-03
 0.00000000e+00 0.00000000e+00 0.00000000e+00 2.68554687e-03
 0.00000000e+00 2.44140625e-04 0.00000000e+00 1.70898437e-03
 0.00000000e+00 0.00000000e+00 0.00000000e+00 1.46484375e-03
 0.00000000e+00 6.83593750e-03 0.00000000e+00 6.78710937e-02
 0.00000000e+00 0.00000000e+00 0.00000000e+00 0.00000000e+00
 0.00000000e+00 0.00000000e+00 0.00000000e+00 0.00000000e+00
 0.00000000e+00 0.00000000e+00 0.00000000e+00 0.00000000e+00
 0.00000000e+00 0.00000000e+00 0.00000000e+00 0.00000000e+00
 0.00000000e+00 0.00000000e+00 0.00000000e+00 0.00000000e+00
 0.00000000e+00 0.00000000e+00 0.00000000e+00 0.00000000e+00
 0.00000000e+00 0.00000000e+00 0.00000000e+00 0.00000000e+00
 0.00000000e+00 0.00000000e+00 0.00000000e+00 5.61523437e-03
 0.00000000e+00 0.00000000e+00 0.00000000e+00 0.00000000e+00
 0.00000000e+00 0.00000000e+00 0.00000000e+00 0.00000000e+00
 0.00000000e+00 0.00000000e+00 0.00000000e+00 0.00000000e+00
 0.00000000e+00 0.00000000e+00 0.00000000e+00 5.12695312e-03
 0.00000000e+00 0.00000000e+00 0.00000000e+00 0.00000000e+00
 0.00000000e+00 0.00000000e+00 0.00000000e+00 5.12695312e-03
 0.00000000e+00 0.00000000e+00 0.00000000e+00 0.00000000e+00
 0.00000000e+00 0.00000000e+00 0.00000000e+00 6.61621094e-02
 0.00000000e+00 0.00000000e+00 0.00000000e+00 0.00000000e+00
 0.00000000e+00 0.00000000e+00 0.00000000e+00 0.00000000e+00
 0.00000000e+00 0.00000000e+00 0.00000000e+00 0.00000000e+00
 0.00000000e+00 0.00000000e+00 0.00000000e+00 0.00000000e+00
 0.00000000e+00 0.00000000e+00 0.00000000e+00 0.00000000e+00
 0.00000000e+00 0.00000000e+00 0.00000000e+00 0.00000000e+00
 0.00000000e+00 0.00000000e+00 0.00000000e+00 0.00000000e+00
 0.00000000e+00 0.00000000e+00 0.00000000e+00 0.00000000e+00
 0.00000000e+00 0.00000000e+00 0.00000000e+00 0.00000000e+00
 0.00000000e+00 0.00000000e+00 0.00000000e+00 0.00000000e+00
 0.00000000e+00 0.00000000e+00 0.00000000e+00 0.00000000e+00
 0.00000000e+00 0.00000000e+00 0.00000000e+00 0.00000000e+00
 0.00000000e+00 0.00000000e+00 0.00000000e+00 0.00000000e+00
 0.00000000e+00 0.00000000e+00 0.00000000e+00 0.00000000e+00
 0.00000000e+00 0.00000000e+00 0.00000000e+00 0.00000000e+00
 0.00000000e+00 0.00000000e+00 0.00000000e+00 0.00000000e+00
 0.00000000e+00 0.00000000e+00 0.00000000e+00 0.00000000e+00
 0.00000000e+00 0.00000000e+00 0.00000000e+00 0.00000000e+00
 0.00000000e+00 0.00000000e+00 0.00000000e+00 0.00000000e+00
 0.00000000e+00 0.00000000e+00 0.00000000e+00 0.00000000e+00
 0.00000000e+00 0.00000000e+00 0.00000000e+00 0.00000000e+00
 0.00000000e+00 0.00000000e+00 0.00000000e+00 0.00000000e+00
 0.00000000e+00 0.00000000e+00 0.00000000e+00 0.00000000e+00
 0.00000000e+00 0.00000000e+00 0.00000000e+00 0.00000000e+00
 0.00000000e+00 0.00000000e+00 0.00000000e+00 0.00000000e+00
 0.00000000e+00 0.00000000e+00 0.00000000e+00 0.00000000e+00
 0.00000000e+00 0.00000000e+00 0.00000000e+00 0.00000000e+00
 0.00000000e+00 0.00000000e+00 0.00000000e+00 0.00000000e+00
 0.00000000e+00 0.00000000e+00 0.00000000e+00 0.00000000e+00
 0.00000000e+00 0.00000000e+00 0.00000000e+00 0.00000000e+00
 0.00000000e+00 0.00000000e+00 0.00000000e+00 0.00000000e+00
 0.00000000e+00 0.00000000e+00 0.00000000e+00 5.27343750e-02]

HOG feature values: (Shape:(1764,)) 
[0.30540389 0.07124743 0.         ... 0.01110341 0.         0.06043162]

Image image-30.png :
Color moments [Mean, Standard deviation, Skewness]: (Shape:(8, 8, 3)) 
[[[ 1.23265625e+02  7.33813324e+01 -1.77113190e-01]
  [ 2.22984375e+02  1.27027216e+01 -5.44766545e-01]
  [ 2.31937500e+02  1.76837444e+01 -1.62143004e+00]
  [ 2.37078125e+02  1.02519884e+01 -1.43654239e+00]
  [ 2.32968750e+02  1.12221441e+01 -1.62225235e+00]
  [ 2.13046875e+02  3.53577385e+01 -1.70319593e+00]
  [ 2.07468750e+02  2.69171009e+01 -9.95192885e-01]
  [ 1.46140625e+02  4.48022957e+01 -8.31347704e-01]]

 [[ 1.39078125e+02  5.60084534e+01 -6.30875826e-01]
  [ 1.54609375e+02  2.51001835e+01 -7.80436173e-02]
  [ 1.21921875e+02  3.23212891e+01  1.08544946e+00]
  [ 1.40890625e+02  5.14803085e+01  2.51615886e-02]
  [ 1.44312500e+02  4.41654816e+01  1.19420677e-01]
  [ 1.05687500e+02  2.53203697e+01  7.19968259e-01]
  [ 1.37000000e+02  2.46056404e+01  4.11564976e-01]
  [ 1.42828125e+02  2.70979424e+01 -1.11698270e+00]]

 [[ 1.55687500e+02  2.73757839e+01 -2.22114220e-01]
  [ 1.62000000e+02  3.07327194e+01 -3.60765815e-01]
  [ 1.40968750e+02  2.08498859e+01 -4.28788781e-01]
  [ 1.59734375e+02  5.61463585e+01 -1.40170246e-01]
  [ 1.62406250e+02  6.22998543e+01 -4.45569992e-01]
  [ 1.39781250e+02  2.41941814e+01 -9.80985105e-01]
  [ 1.42968750e+02  2.71534805e+01 -1.14036453e+00]
  [ 1.58359375e+02  2.89883423e+01  1.54249817e-01]]

 [[ 1.67453125e+02  2.48482437e+01  1.19890183e-01]
  [ 1.71156250e+02  2.91227036e+01 -2.03806698e-01]
  [ 1.76687500e+02  2.39653893e+01 -4.59188670e-01]
  [ 1.86578125e+02  4.39615593e+01 -5.29679894e-01]
  [ 1.80343750e+02  4.31705246e+01 -4.09634769e-01]
  [ 1.70765625e+02  3.52135201e+01 -4.58594501e-01]
  [ 1.69906250e+02  2.30818634e+01  1.92688286e-01]
  [ 1.67375000e+02  2.35003319e+01  1.08792984e+00]]

 [[ 1.54140625e+02  2.75021973e+01 -2.53269970e-01]
  [ 1.94906250e+02  1.82317715e+01  1.89229667e-01]
  [ 2.06312500e+02  1.95910339e+01 -1.79238582e+00]
  [ 1.14156250e+02  4.89004745e+01 -3.03830028e-01]
  [ 9.25156250e+01  3.93894768e+01 -8.80763173e-01]
  [ 1.70375000e+02  3.54922981e+01 -3.85222107e-01]
  [ 1.95796875e+02  1.53370256e+01 -1.42876938e-01]
  [ 1.48765625e+02  1.47083549e+01  5.41242421e-01]]

 [[ 1.27843750e+02  1.70139828e+01  2.28948474e-01]
  [ 1.66187500e+02  9.20406628e+00  1.02156661e-01]
  [ 1.61625000e+02  3.88050003e+01 -1.24482739e+00]
  [ 1.46218750e+02  6.32355385e+01 -5.94425261e-01]
  [ 1.41390625e+02  5.78423538e+01 -4.98428464e-01]
  [ 1.53578125e+02  3.94852829e+01 -1.20236647e+00]
  [ 1.52421875e+02  2.08804665e+01 -9.08343017e-01]
  [ 1.33656250e+02  1.20353889e+01 -1.43544400e+00]]

 [[ 1.10375000e+02  9.45631409e+00  1.12424147e+00]
  [ 1.42015625e+02  1.51919928e+01 -6.74148500e-01]
  [ 1.44578125e+02  3.84211044e+01 -1.57152200e+00]
  [ 1.25765625e+02  3.10376492e+01 -2.48980612e-01]
  [ 1.10375000e+02  3.16536427e+01  1.23979323e-01]
  [ 1.20703125e+02  2.97745037e+01 -1.36812258e+00]
  [ 1.23000000e+02  1.60837650e+01 -7.49113321e-01]
  [ 9.77187500e+01  3.18676300e+01 -8.54400218e-01]]

 [[ 1.08093750e+02  3.20993948e+00 -3.45585525e-01]
  [ 1.05093750e+02  2.52374458e+01 -6.06230617e-01]
  [ 1.39859375e+02  2.84565830e+01 -9.09926832e-01]
  [ 1.79906250e+02  2.74674339e+01 -5.35596669e-01]
  [ 1.77828125e+02  2.49396496e+01 -5.10247529e-01]
  [ 1.45171875e+02  2.45678616e+01 -1.66526452e-01]
  [ 1.00093750e+02  1.56851034e+01 -5.73912442e-01]
  [ 7.66250000e+01  3.53175316e+01  1.29828244e-01]]]

LBP feature values: (Shape:(256,)) 
[4.15039062e-02 6.39648437e-02 0.00000000e+00 6.03027344e-02
 0.00000000e+00 7.56835937e-03 0.00000000e+00 1.37451172e-01
 0.00000000e+00 2.92968750e-03 0.00000000e+00 7.32421875e-03
 0.00000000e+00 6.59179687e-03 0.00000000e+00 2.81982422e-01
 0.00000000e+00 9.03320312e-03 0.00000000e+00 3.66210937e-03
 0.00000000e+00 2.44140625e-04 0.00000000e+00 4.15039062e-03
 0.00000000e+00 2.44140625e-03 0.00000000e+00 4.15039062e-03
 0.00000000e+00 6.59179687e-03 0.00000000e+00 1.50390625e-01
 0.00000000e+00 0.00000000e+00 0.00000000e+00 0.00000000e+00
 0.00000000e+00 0.00000000e+00 0.00000000e+00 3.41796875e-03
 0.00000000e+00 0.00000000e+00 0.00000000e+00 0.00000000e+00
 0.00000000e+00 0.00000000e+00 0.00000000e+00 5.37109375e-03
 0.00000000e+00 0.00000000e+00 0.00000000e+00 1.22070312e-03
 0.00000000e+00 4.88281250e-04 0.00000000e+00 2.92968750e-03
 0.00000000e+00 0.00000000e+00 0.00000000e+00 2.68554687e-03
 0.00000000e+00 7.08007812e-03 0.00000000e+00 5.83496094e-02
 0.00000000e+00 0.00000000e+00 0.00000000e+00 0.00000000e+00
 0.00000000e+00 0.00000000e+00 0.00000000e+00 0.00000000e+00
 0.00000000e+00 0.00000000e+00 0.00000000e+00 0.00000000e+00
 0.00000000e+00 0.00000000e+00 0.00000000e+00 0.00000000e+00
 0.00000000e+00 0.00000000e+00 0.00000000e+00 0.00000000e+00
 0.00000000e+00 0.00000000e+00 0.00000000e+00 0.00000000e+00
 0.00000000e+00 0.00000000e+00 0.00000000e+00 2.44140625e-04
 0.00000000e+00 0.00000000e+00 0.00000000e+00 7.08007812e-03
 0.00000000e+00 0.00000000e+00 0.00000000e+00 0.00000000e+00
 0.00000000e+00 0.00000000e+00 0.00000000e+00 0.00000000e+00
 0.00000000e+00 0.00000000e+00 0.00000000e+00 0.00000000e+00
 0.00000000e+00 0.00000000e+00 0.00000000e+00 5.12695312e-03
 0.00000000e+00 0.00000000e+00 0.00000000e+00 0.00000000e+00
 0.00000000e+00 0.00000000e+00 0.00000000e+00 3.66210937e-03
 0.00000000e+00 0.00000000e+00 0.00000000e+00 0.00000000e+00
 0.00000000e+00 0.00000000e+00 0.00000000e+00 6.71386719e-02
 0.00000000e+00 0.00000000e+00 0.00000000e+00 0.00000000e+00
 0.00000000e+00 0.00000000e+00 0.00000000e+00 0.00000000e+00
 0.00000000e+00 0.00000000e+00 0.00000000e+00 0.00000000e+00
 0.00000000e+00 0.00000000e+00 0.00000000e+00 0.00000000e+00
 0.00000000e+00 0.00000000e+00 0.00000000e+00 0.00000000e+00
 0.00000000e+00 0.00000000e+00 0.00000000e+00 0.00000000e+00
 0.00000000e+00 0.00000000e+00 0.00000000e+00 0.00000000e+00
 0.00000000e+00 0.00000000e+00 0.00000000e+00 0.00000000e+00
 0.00000000e+00 0.00000000e+00 0.00000000e+00 0.00000000e+00
 0.00000000e+00 0.00000000e+00 0.00000000e+00 0.00000000e+00
 0.00000000e+00 0.00000000e+00 0.00000000e+00 0.00000000e+00
 0.00000000e+00 0.00000000e+00 0.00000000e+00 0.00000000e+00
 0.00000000e+00 0.00000000e+00 0.00000000e+00 0.00000000e+00
 0.00000000e+00 0.00000000e+00 0.00000000e+00 0.00000000e+00
 0.00000000e+00 0.00000000e+00 0.00000000e+00 0.00000000e+00
 0.00000000e+00 0.00000000e+00 0.00000000e+00 0.00000000e+00
 0.00000000e+00 0.00000000e+00 0.00000000e+00 0.00000000e+00
 0.00000000e+00 0.00000000e+00 0.00000000e+00 0.00000000e+00
 0.00000000e+00 0.00000000e+00 0.00000000e+00 0.00000000e+00
 0.00000000e+00 0.00000000e+00 0.00000000e+00 0.00000000e+00
 0.00000000e+00 0.00000000e+00 0.00000000e+00 0.00000000e+00
 0.00000000e+00 0.00000000e+00 0.00000000e+00 0.00000000e+00
 0.00000000e+00 0.00000000e+00 0.00000000e+00 0.00000000e+00
 0.00000000e+00 0.00000000e+00 0.00000000e+00 0.00000000e+00
 0.00000000e+00 0.00000000e+00 0.00000000e+00 0.00000000e+00
 0.00000000e+00 0.00000000e+00 0.00000000e+00 0.00000000e+00
 0.00000000e+00 0.00000000e+00 0.00000000e+00 0.00000000e+00
 0.00000000e+00 0.00000000e+00 0.00000000e+00 0.00000000e+00
 0.00000000e+00 0.00000000e+00 0.00000000e+00 0.00000000e+00
 0.00000000e+00 0.00000000e+00 0.00000000e+00 0.00000000e+00
 0.00000000e+00 0.00000000e+00 0.00000000e+00 0.00000000e+00
 0.00000000e+00 0.00000000e+00 0.00000000e+00 4.49218750e-02]

HOG feature values: (Shape:(1764,)) 
[0.34223327 0.34223327 0.00404878 ... 0.00778329 0.00539674 0.34300092]

Image image-40.png :
Color moments [Mean, Standard deviation, Skewness]: (Shape:(8, 8, 3)) 
[[[ 1.61296875e+02  3.38644714e+01  1.01837911e-01]
  [ 2.24234375e+02  9.15959549e+00  1.37503967e-01]
  [ 2.36781250e+02  5.75670481e+00 -5.96207678e-01]
  [ 2.38390625e+02  3.90359282e+00 -8.85668457e-01]
  [ 2.38859375e+02  5.12307024e+00 -4.61824566e-01]
  [ 2.22140625e+02  8.34952736e+00  5.34321405e-02]
  [ 1.97546875e+02  1.30179319e+01 -9.91152465e-01]
  [ 1.37640625e+02  1.55185041e+01  1.18238068e+00]]

 [[ 1.42640625e+02  2.52755852e+01  9.24988925e-01]
  [ 1.43000000e+02  4.51628990e+01  2.73280680e-01]
  [ 1.46125000e+02  5.32345924e+01 -2.19061505e-02]
  [ 1.93156250e+02  2.43273373e+01 -3.50007921e-01]
  [ 1.52218750e+02  4.08948593e+01  2.15028107e-01]
  [ 1.11093750e+02  4.17030869e+01  7.30083406e-01]
  [ 1.28015625e+02  3.48274727e+01 -4.02089469e-02]
  [ 1.28203125e+02  1.15585194e+01  2.11793160e+00]]

 [[ 1.57234375e+02  3.84324646e+01 -2.78658777e-01]
  [ 1.30171875e+02  4.30981979e+01 -1.15570240e-01]
  [ 1.18781250e+02  4.78093452e+01  1.08226441e-01]
  [ 2.14265625e+02  3.12030849e+01 -1.74288893e+00]
  [ 1.44187500e+02  2.93219604e+01 -4.58973259e-01]
  [ 1.26859375e+02  3.35390930e+01 -4.86653566e-01]
  [ 1.13343750e+02  3.84493256e+01 -4.15385723e-01]
  [ 1.46828125e+02  2.11804409e+01 -2.56258667e-01]]

 [[ 1.76156250e+02  3.23023872e+01 -5.94898403e-01]
  [ 2.20328125e+02  9.73886299e+00 -1.65323412e+00]
  [ 2.00937500e+02  1.53387527e+01 -3.59326720e-01]
  [ 2.12218750e+02  1.76125565e+01  5.17423511e-01]
  [ 1.62312500e+02  1.38088226e+01  2.60130495e-01]
  [ 1.89500000e+02  2.74072304e+01 -1.18635440e+00]
  [ 2.01750000e+02  1.09715538e+01 -5.02467632e-01]
  [ 1.66812500e+02  2.33759193e+01 -4.21200305e-01]]

 [[ 1.43968750e+02  2.40084419e+01  1.22591329e+00]
  [ 1.72609375e+02  2.42761574e+01  1.67747647e-01]
  [ 1.62078125e+02  2.36665001e+01 -1.15067434e+00]
  [ 1.34421875e+02  2.97619724e+01  5.38446724e-01]
  [ 1.13718750e+02  2.38664703e+01 -3.72856140e-01]
  [ 1.48875000e+02  1.61026974e+01 -6.85719013e-01]
  [ 1.57000000e+02  1.34733534e+01  5.59279919e-01]
  [ 1.29734375e+02  1.13581495e+01  6.88810885e-01]]

 [[ 1.26515625e+02  2.41086197e+00 -2.86782026e-01]
  [ 1.49546875e+02  1.66451283e+01  1.11432515e-01]
  [ 1.39140625e+02  4.48692055e+01 -9.25306082e-01]
  [ 1.37875000e+02  2.86255455e+01 -7.64837442e-03]
  [ 1.28953125e+02  2.51827259e+01  3.39585871e-01]
  [ 1.10156250e+02  4.07358932e+01 -3.75860870e-01]
  [ 1.59812500e+02  2.33083115e+01 -5.00021696e-01]
  [ 1.16640625e+02  8.97804165e+00 -9.19960499e-01]]

 [[ 1.22234375e+02  2.35014749e+00 -3.65550630e-02]
  [ 1.24687500e+02  1.25733786e+01  1.30626321e+00]
  [ 1.79984375e+02  1.95116081e+01 -1.54817176e+00]
  [ 1.81421875e+02  7.32889128e+00  3.85231405e-01]
  [ 1.76765625e+02  1.41153088e+01  1.07638478e+00]
  [ 1.65906250e+02  7.34574461e+00  1.47797376e-01]
  [ 1.42093750e+02  2.30771255e+01 -2.79062510e-01]
  [ 9.23906250e+01  1.50785618e+01  3.60431731e-01]]

 [[ 1.15375000e+02  2.87500000e+00  7.86060631e-01]
  [ 1.11296875e+02  5.32587910e+00 -3.95668924e-01]
  [ 1.53937500e+02  2.38425007e+01  3.01567852e-01]
  [ 1.80046875e+02  2.18377762e+01 -9.88551259e-01]
  [ 1.76843750e+02  2.98293152e+01 -4.93834883e-01]
  [ 1.47921875e+02  3.63056908e+01 -4.88785923e-01]
  [ 9.03281250e+01  2.31712723e+01  1.67810655e+00]
  [ 8.85156250e+01  9.18897438e+00 -4.60982978e-01]]]

LBP feature values: (Shape:(256,)) 
[2.41699219e-02 5.81054687e-02 0.00000000e+00 4.54101562e-02
 0.00000000e+00 5.37109375e-03 0.00000000e+00 1.56494141e-01
 0.00000000e+00 1.46484375e-03 0.00000000e+00 4.39453125e-03
 0.00000000e+00 1.46484375e-03 0.00000000e+00 3.28613281e-01
 0.00000000e+00 8.05664062e-03 0.00000000e+00 2.68554687e-03
 0.00000000e+00 1.22070312e-03 0.00000000e+00 4.63867187e-03
 0.00000000e+00 2.19726562e-03 0.00000000e+00 4.39453125e-03
 0.00000000e+00 6.59179687e-03 0.00000000e+00 1.71142578e-01
 0.00000000e+00 0.00000000e+00 0.00000000e+00 0.00000000e+00
 0.00000000e+00 2.44140625e-04 0.00000000e+00 1.95312500e-03
 0.00000000e+00 0.00000000e+00 0.00000000e+00 0.00000000e+00
 0.00000000e+00 7.32421875e-04 0.00000000e+00 3.17382812e-03
 0.00000000e+00 0.00000000e+00 0.00000000e+00 9.76562500e-04
 0.00000000e+00 0.00000000e+00 0.00000000e+00 1.70898437e-03
 0.00000000e+00 0.00000000e+00 0.00000000e+00 1.22070312e-03
 0.00000000e+00 5.37109375e-03 0.00000000e+00 5.17578125e-02
 0.00000000e+00 0.00000000e+00 0.00000000e+00 0.00000000e+00
 0.00000000e+00 0.00000000e+00 0.00000000e+00 0.00000000e+00
 0.00000000e+00 0.00000000e+00 0.00000000e+00 0.00000000e+00
 0.00000000e+00 0.00000000e+00 0.00000000e+00 0.00000000e+00
 0.00000000e+00 0.00000000e+00 0.00000000e+00 0.00000000e+00
 0.00000000e+00 0.00000000e+00 0.00000000e+00 4.88281250e-04
 0.00000000e+00 0.00000000e+00 0.00000000e+00 0.00000000e+00
 0.00000000e+00 0.00000000e+00 0.00000000e+00 2.92968750e-03
 0.00000000e+00 0.00000000e+00 0.00000000e+00 0.00000000e+00
 0.00000000e+00 0.00000000e+00 0.00000000e+00 0.00000000e+00
 0.00000000e+00 0.00000000e+00 0.00000000e+00 0.00000000e+00
 0.00000000e+00 0.00000000e+00 0.00000000e+00 2.68554687e-03
 0.00000000e+00 0.00000000e+00 0.00000000e+00 0.00000000e+00
 0.00000000e+00 0.00000000e+00 0.00000000e+00 3.66210937e-03
 0.00000000e+00 0.00000000e+00 0.00000000e+00 0.00000000e+00
 0.00000000e+00 0.00000000e+00 0.00000000e+00 4.73632812e-02
 0.00000000e+00 0.00000000e+00 0.00000000e+00 0.00000000e+00
 0.00000000e+00 0.00000000e+00 0.00000000e+00 0.00000000e+00
 0.00000000e+00 0.00000000e+00 0.00000000e+00 0.00000000e+00
 0.00000000e+00 0.00000000e+00 0.00000000e+00 0.00000000e+00
 0.00000000e+00 0.00000000e+00 0.00000000e+00 0.00000000e+00
 0.00000000e+00 0.00000000e+00 0.00000000e+00 0.00000000e+00
 0.00000000e+00 0.00000000e+00 0.00000000e+00 0.00000000e+00
 0.00000000e+00 0.00000000e+00 0.00000000e+00 0.00000000e+00
 0.00000000e+00 0.00000000e+00 0.00000000e+00 0.00000000e+00
 0.00000000e+00 0.00000000e+00 0.00000000e+00 0.00000000e+00
 0.00000000e+00 0.00000000e+00 0.00000000e+00 0.00000000e+00
 0.00000000e+00 0.00000000e+00 0.00000000e+00 0.00000000e+00
 0.00000000e+00 0.00000000e+00 0.00000000e+00 0.00000000e+00
 0.00000000e+00 0.00000000e+00 0.00000000e+00 0.00000000e+00
 0.00000000e+00 0.00000000e+00 0.00000000e+00 0.00000000e+00
 0.00000000e+00 0.00000000e+00 0.00000000e+00 0.00000000e+00
 0.00000000e+00 0.00000000e+00 0.00000000e+00 0.00000000e+00
 0.00000000e+00 0.00000000e+00 0.00000000e+00 0.00000000e+00
 0.00000000e+00 0.00000000e+00 0.00000000e+00 0.00000000e+00
 0.00000000e+00 0.00000000e+00 0.00000000e+00 0.00000000e+00
 0.00000000e+00 0.00000000e+00 0.00000000e+00 0.00000000e+00
 0.00000000e+00 0.00000000e+00 0.00000000e+00 0.00000000e+00
 0.00000000e+00 0.00000000e+00 0.00000000e+00 0.00000000e+00
 0.00000000e+00 0.00000000e+00 0.00000000e+00 0.00000000e+00
 0.00000000e+00 0.00000000e+00 0.00000000e+00 0.00000000e+00
 0.00000000e+00 0.00000000e+00 0.00000000e+00 0.00000000e+00
 0.00000000e+00 0.00000000e+00 0.00000000e+00 0.00000000e+00
 0.00000000e+00 0.00000000e+00 0.00000000e+00 0.00000000e+00
 0.00000000e+00 0.00000000e+00 0.00000000e+00 0.00000000e+00
 0.00000000e+00 0.00000000e+00 0.00000000e+00 0.00000000e+00
 0.00000000e+00 0.00000000e+00 0.00000000e+00 0.00000000e+00
 0.00000000e+00 0.00000000e+00 0.00000000e+00 4.93164062e-02]

HOG feature values: (Shape:(1764,)) 
[0.32528635 0.01744823 0.         ... 0.0147446  0.05466861 0.06479463]

Image image-50.png :
Color moments [Mean, Standard deviation, Skewness]: (Shape:(8, 8, 3)) 
[[[ 1.78296875e+02  5.85416412e+00  1.01367402e+00]
  [ 2.04031250e+02  1.13728962e+01 -9.08692539e-01]
  [ 2.21765625e+02  1.42332602e+01 -1.37481475e+00]
  [ 2.20203125e+02  9.47394371e+00 -8.07508349e-01]
  [ 2.07796875e+02  1.03473721e+01 -7.14894354e-01]
  [ 1.99765625e+02  1.27668295e+01 -1.81919843e-01]
  [ 1.68031250e+02  1.45741301e+01 -4.58512545e-01]
  [ 1.09578125e+02  2.47908764e+01 -1.03695977e+00]]

 [[ 1.60390625e+02  1.85889893e+01 -1.00613284e+00]
  [ 1.41062500e+02  3.76600227e+01  9.09284055e-01]
  [ 1.16281250e+02  3.22012558e+01  4.64722872e-01]
  [ 1.49312500e+02  3.31119652e+01  4.75979298e-02]
  [ 1.74093750e+02  2.61251316e+01 -9.49485779e-01]
  [ 1.00765625e+02  4.25315094e+01  6.75449371e-01]
  [ 1.14031250e+02  3.62141914e+01  1.37388062e+00]
  [ 1.02859375e+02  2.07724781e+01  7.36961007e-01]]

 [[ 1.49406250e+02  3.41548500e+01 -9.84605968e-01]
  [ 1.45578125e+02  4.81916084e+01 -7.87730038e-01]
  [ 1.38375000e+02  4.48035660e+01 -7.59252429e-01]
  [ 1.52031250e+02  2.99687176e+01 -2.65025437e-01]
  [ 1.68218750e+02  5.13409157e+01 -3.33479702e-01]
  [ 1.27546875e+02  4.35186462e+01 -5.72528064e-01]
  [ 1.10328125e+02  3.96914062e+01 -5.67435205e-01]
  [ 1.03687500e+02  2.90284748e+01  5.02019636e-02]]

 [[ 1.79375000e+02  1.06543713e+01 -1.15689778e+00]
  [ 1.87953125e+02  1.60228634e+01 -2.17360675e-01]
  [ 1.84640625e+02  2.91554928e+01 -1.25766122e+00]
  [ 1.80484375e+02  2.51321449e+01 -1.18379414e+00]
  [ 1.97593750e+02  2.56361065e+01 -8.85873079e-01]
  [ 1.40593750e+02  2.06160736e+01  3.62872332e-01]
  [ 1.61781250e+02  1.37368898e+01 -7.65835822e-01]
  [ 1.33687500e+02  1.92230949e+01 -5.51558673e-01]]

 [[ 1.68296875e+02  8.86298466e+00 -8.02608848e-01]
  [ 1.78187500e+02  9.44370651e+00 -1.07485247e+00]
  [ 1.81437500e+02  2.26714821e+01 -9.71833587e-01]
  [ 1.41593750e+02  5.00055351e+01 -6.00829780e-01]
  [ 1.02875000e+02  2.88820343e+01  4.49015468e-01]
  [ 1.19453125e+02  3.01770439e+01 -3.30597132e-01]
  [ 1.52859375e+02  1.46285973e+01 -4.61598396e-01]
  [ 1.08125000e+02  1.46260681e+01 -6.32355034e-01]]

 [[ 1.52656250e+02  1.20392828e+01 -4.88344043e-01]
  [ 1.76875000e+02  5.79735947e+00 -2.78044641e-01]
  [ 1.47468750e+02  4.21322174e+01 -1.36106408e+00]
  [ 1.26750000e+02  6.06068268e+01 -4.98456270e-01]
  [ 1.02593750e+02  5.29302940e+01 -1.79271102e-01]
  [ 8.94843750e+01  3.50709038e+01 -6.76379204e-01]
  [ 1.30187500e+02  1.54696026e+01 -4.58870590e-01]
  [ 8.67968750e+01  2.44298611e+01 -9.85846341e-01]]

 [[ 1.46250000e+02  2.48991718e+01 -2.68085618e-02]
  [ 1.51562500e+02  1.37305260e+01 -3.66346747e-01]
  [ 1.73671875e+02  1.22385845e+01  1.63020074e-01]
  [ 1.58015625e+02  2.56700783e+01 -5.38945735e-01]
  [ 1.30125000e+02  4.08899040e+01  3.74309212e-01]
  [ 1.29203125e+02  1.51308661e+01  1.25797951e+00]
  [ 1.07015625e+02  1.73461914e+01  5.53822637e-01]
  [ 5.37656250e+01  2.25553074e+01  7.88019955e-01]]

 [[ 1.72343750e+02  1.81669502e+01 -2.15224910e+00]
  [ 1.16656250e+02  1.53553925e+01  1.42274821e+00]
  [ 1.31125000e+02  2.26284523e+01  4.50036637e-02]
  [ 1.61187500e+02  3.27528038e+01 -2.46448681e-01]
  [ 1.51031250e+02  3.72566986e+01 -2.01720834e-01]
  [ 1.12515625e+02  3.02923203e+01  6.77606881e-01]
  [ 8.54218750e+01  9.77209759e+00  4.17579204e-01]
  [ 5.60625000e+01  4.00179176e+01  1.42793167e+00]]]

LBP feature values: (Shape:(256,)) 
[3.07617187e-02 5.71289062e-02 0.00000000e+00 5.24902344e-02
 0.00000000e+00 6.59179687e-03 0.00000000e+00 1.58691406e-01
 0.00000000e+00 2.44140625e-03 0.00000000e+00 4.88281250e-03
 0.00000000e+00 4.15039062e-03 0.00000000e+00 3.02734375e-01
 0.00000000e+00 4.15039062e-03 0.00000000e+00 3.90625000e-03
 0.00000000e+00 7.32421875e-04 0.00000000e+00 5.61523437e-03
 0.00000000e+00 4.88281250e-03 0.00000000e+00 2.44140625e-03
 0.00000000e+00 6.59179687e-03 0.00000000e+00 1.60400391e-01
 0.00000000e+00 0.00000000e+00 0.00000000e+00 0.00000000e+00
 0.00000000e+00 2.44140625e-04 0.00000000e+00 2.68554687e-03
 0.00000000e+00 0.00000000e+00 0.00000000e+00 0.00000000e+00
 0.00000000e+00 0.00000000e+00 0.00000000e+00 1.95312500e-03
 0.00000000e+00 0.00000000e+00 0.00000000e+00 4.88281250e-04
 0.00000000e+00 7.32421875e-04 0.00000000e+00 4.39453125e-03
 0.00000000e+00 0.00000000e+00 0.00000000e+00 2.44140625e-03
 0.00000000e+00 4.63867187e-03 0.00000000e+00 6.12792969e-02
 0.00000000e+00 0.00000000e+00 0.00000000e+00 0.00000000e+00
 0.00000000e+00 0.00000000e+00 0.00000000e+00 0.00000000e+00
 0.00000000e+00 0.00000000e+00 0.00000000e+00 0.00000000e+00
 0.00000000e+00 0.00000000e+00 0.00000000e+00 0.00000000e+00
 0.00000000e+00 0.00000000e+00 0.00000000e+00 0.00000000e+00
 0.00000000e+00 2.44140625e-04 0.00000000e+00 4.88281250e-04
 0.00000000e+00 0.00000000e+00 0.00000000e+00 0.00000000e+00
 0.00000000e+00 0.00000000e+00 0.00000000e+00 5.37109375e-03
 0.00000000e+00 0.00000000e+00 0.00000000e+00 0.00000000e+00
 0.00000000e+00 0.00000000e+00 0.00000000e+00 0.00000000e+00
 0.00000000e+00 0.00000000e+00 0.00000000e+00 0.00000000e+00
 0.00000000e+00 0.00000000e+00 0.00000000e+00 4.63867187e-03
 0.00000000e+00 0.00000000e+00 0.00000000e+00 0.00000000e+00
 0.00000000e+00 0.00000000e+00 0.00000000e+00 3.90625000e-03
 0.00000000e+00 0.00000000e+00 0.00000000e+00 0.00000000e+00
 0.00000000e+00 0.00000000e+00 0.00000000e+00 5.24902344e-02
 0.00000000e+00 0.00000000e+00 0.00000000e+00 0.00000000e+00
 0.00000000e+00 0.00000000e+00 0.00000000e+00 0.00000000e+00
 0.00000000e+00 0.00000000e+00 0.00000000e+00 0.00000000e+00
 0.00000000e+00 0.00000000e+00 0.00000000e+00 0.00000000e+00
 0.00000000e+00 0.00000000e+00 0.00000000e+00 0.00000000e+00
 0.00000000e+00 0.00000000e+00 0.00000000e+00 0.00000000e+00
 0.00000000e+00 0.00000000e+00 0.00000000e+00 0.00000000e+00
 0.00000000e+00 0.00000000e+00 0.00000000e+00 0.00000000e+00
 0.00000000e+00 0.00000000e+00 0.00000000e+00 0.00000000e+00
 0.00000000e+00 0.00000000e+00 0.00000000e+00 0.00000000e+00
 0.00000000e+00 0.00000000e+00 0.00000000e+00 0.00000000e+00
 0.00000000e+00 0.00000000e+00 0.00000000e+00 0.00000000e+00
 0.00000000e+00 0.00000000e+00 0.00000000e+00 0.00000000e+00
 0.00000000e+00 0.00000000e+00 0.00000000e+00 0.00000000e+00
 0.00000000e+00 0.00000000e+00 0.00000000e+00 0.00000000e+00
 0.00000000e+00 0.00000000e+00 0.00000000e+00 0.00000000e+00
 0.00000000e+00 0.00000000e+00 0.00000000e+00 0.00000000e+00
 0.00000000e+00 0.00000000e+00 0.00000000e+00 0.00000000e+00
 0.00000000e+00 0.00000000e+00 0.00000000e+00 0.00000000e+00
 0.00000000e+00 0.00000000e+00 0.00000000e+00 0.00000000e+00
 0.00000000e+00 0.00000000e+00 0.00000000e+00 0.00000000e+00
 0.00000000e+00 0.00000000e+00 0.00000000e+00 0.00000000e+00
 0.00000000e+00 0.00000000e+00 0.00000000e+00 0.00000000e+00
 0.00000000e+00 0.00000000e+00 0.00000000e+00 0.00000000e+00
 0.00000000e+00 0.00000000e+00 0.00000000e+00 0.00000000e+00
 0.00000000e+00 0.00000000e+00 0.00000000e+00 0.00000000e+00
 0.00000000e+00 0.00000000e+00 0.00000000e+00 0.00000000e+00
 0.00000000e+00 0.00000000e+00 0.00000000e+00 0.00000000e+00
 0.00000000e+00 0.00000000e+00 0.00000000e+00 0.00000000e+00
 0.00000000e+00 0.00000000e+00 0.00000000e+00 0.00000000e+00
 0.00000000e+00 0.00000000e+00 0.00000000e+00 0.00000000e+00
 0.00000000e+00 0.00000000e+00 0.00000000e+00 4.54101562e-02]

HOG feature values: (Shape:(1764,)) 
[0.15907689 0.01758094 0.01405507 ... 0.28814661 0.32797585 0.32797585]

Image image-60.png :
Color moments [Mean, Standard deviation, Skewness]: (Shape:(8, 8, 3)) 
[[[ 1.55000000e+02  4.87176170e+01 -7.41132677e-01]
  [ 1.90890625e+02  2.54890404e+01 -1.32646716e+00]
  [ 1.95625000e+02  3.58113556e+01 -1.52455258e+00]
  [ 2.07234375e+02  8.77806568e+00 -1.23891532e+00]
  [ 1.95343750e+02  1.81204472e+01 -2.11504412e+00]
  [ 1.75312500e+02  4.20965691e+01 -1.11185312e+00]
  [ 1.87750000e+02  3.14041195e+01 -1.34874547e+00]
  [ 1.43734375e+02  8.73411484e+01 -2.67884284e-01]]

 [[ 1.83953125e+02  2.04721050e+01 -1.45632386e+00]
  [ 1.69531250e+02  3.28381310e+01 -1.02479887e+00]
  [ 1.21406250e+02  2.70645752e+01 -3.66494983e-01]
  [ 1.87203125e+02  3.27653503e+01 -8.40174854e-01]
  [ 1.67625000e+02  4.77671776e+01 -4.12626177e-01]
  [ 9.59062500e+01  2.94192314e+01  6.77402258e-01]
  [ 1.66625000e+02  3.96699257e+01 -1.31584334e+00]
  [ 1.89453125e+02  5.41545601e+01 -1.73933184e+00]]

 [[ 2.07437500e+02  1.13919859e+01 -1.91829038e+00]
  [ 1.77156250e+02  3.51702194e+01 -1.18977654e+00]
  [ 1.61390625e+02  4.06488838e+01 -8.15557003e-01]
  [ 2.00578125e+02  1.64485989e+01 -1.14842355e+00]
  [ 2.01734375e+02  2.41817589e+01 -2.78813004e+00]
  [ 1.39484375e+02  4.92458687e+01  1.39962975e-03]
  [ 1.64140625e+02  4.26778831e+01 -1.35319161e+00]
  [ 2.16000000e+02  1.40089254e+01  3.01309258e-01]]

 [[ 2.09718750e+02  1.17877970e+01 -1.33018816e+00]
  [ 2.19562500e+02  6.46353960e+00 -2.28443456e+00]
  [ 1.99562500e+02  1.60164719e+01 -3.64486463e-02]
  [ 1.82218750e+02  2.73601379e+01 -6.98089838e-01]
  [ 1.71875000e+02  3.72212563e+01 -5.56291163e-01]
  [ 1.53968750e+02  3.24509087e+01  3.79100025e-01]
  [ 1.83843750e+02  2.74227428e+01 -7.55868375e-01]
  [ 2.18140625e+02  9.25315380e+00 -1.12898421e+00]]

 [[ 1.90140625e+02  2.39386368e+01 -2.21003890e+00]
  [ 1.99062500e+02  2.09790630e+01 -1.41670465e+00]
  [ 1.73593750e+02  1.62939014e+01 -3.70962113e-01]
  [ 1.51406250e+02  1.46209593e+01 -2.35740602e-01]
  [ 1.46984375e+02  1.33011894e+01 -1.47389725e-01]
  [ 1.39812500e+02  2.26570034e+01  1.12961166e-01]
  [ 1.50265625e+02  2.67565651e+01  3.50596826e-03]
  [ 1.87828125e+02  1.82204857e+01 -2.25224924e+00]]

 [[ 1.49187500e+02  6.04630241e+01 -1.09688699e+00]
  [ 1.89890625e+02  2.01758785e+01 -8.76661360e-01]
  [ 1.54281250e+02  3.04263802e+01 -1.24454938e-01]
  [ 1.52546875e+02  1.98399296e+01  1.88916288e-02]
  [ 1.34859375e+02  1.97506866e+01  1.48560181e-01]
  [ 1.40359375e+02  3.39923553e+01 -5.43492854e-01]
  [ 1.56734375e+02  2.66336479e+01 -6.32149801e-02]
  [ 1.65312500e+02  5.31794930e+01 -1.44311404e+00]]

 [[ 9.57187500e+01  5.92047462e+01 -2.54187491e-02]
  [ 1.57703125e+02  2.27202282e+01 -8.38877797e-01]
  [ 1.73796875e+02  2.26061249e+01 -4.80293840e-01]
  [ 1.66031250e+02  2.45050812e+01 -2.53194511e-01]
  [ 1.41609375e+02  1.51302853e+01  3.29290450e-01]
  [ 1.59187500e+02  1.05191422e+01 -3.42791885e-01]
  [ 1.36703125e+02  1.64437294e+01 -3.23254287e-01]
  [ 9.29062500e+01  4.96942863e+01  6.07344568e-01]]

 [[ 8.81875000e+01  5.02583542e+01  2.46671900e-01]
  [ 1.09687500e+02  2.44973698e+01  4.62438554e-01]
  [ 1.21843750e+02  2.64600048e+01  9.52910930e-02]
  [ 1.49156250e+02  2.14302788e+01 -2.79465437e-01]
  [ 1.33968750e+02  2.32170258e+01 -1.28641173e-01]
  [ 1.25890625e+02  1.97746029e+01  1.55811980e-01]
  [ 1.07500000e+02  1.92864914e+01  4.08958852e-01]
  [ 8.13125000e+01  4.39509239e+01  1.13163972e+00]]]

LBP feature values: (Shape:(256,)) 
[3.93066406e-02 6.42089844e-02 0.00000000e+00 6.05468750e-02
 0.00000000e+00 7.56835937e-03 0.00000000e+00 1.43798828e-01
 0.00000000e+00 2.92968750e-03 0.00000000e+00 4.39453125e-03
 0.00000000e+00 3.41796875e-03 0.00000000e+00 2.73193359e-01
 0.00000000e+00 6.59179687e-03 0.00000000e+00 5.61523437e-03
 0.00000000e+00 7.32421875e-04 0.00000000e+00 7.56835937e-03
 0.00000000e+00 5.37109375e-03 0.00000000e+00 4.39453125e-03
 0.00000000e+00 5.85937500e-03 0.00000000e+00 1.64062500e-01
 0.00000000e+00 0.00000000e+00 0.00000000e+00 0.00000000e+00
 0.00000000e+00 2.44140625e-04 0.00000000e+00 3.41796875e-03
 0.00000000e+00 0.00000000e+00 0.00000000e+00 0.00000000e+00
 0.00000000e+00 4.88281250e-04 0.00000000e+00 5.12695312e-03
 0.00000000e+00 0.00000000e+00 0.00000000e+00 7.32421875e-04
 0.00000000e+00 0.00000000e+00 0.00000000e+00 1.46484375e-03
 0.00000000e+00 0.00000000e+00 0.00000000e+00 3.41796875e-03
 0.00000000e+00 5.12695312e-03 0.00000000e+00 7.10449219e-02
 0.00000000e+00 0.00000000e+00 0.00000000e+00 0.00000000e+00
 0.00000000e+00 0.00000000e+00 0.00000000e+00 0.00000000e+00
 0.00000000e+00 0.00000000e+00 0.00000000e+00 0.00000000e+00
 0.00000000e+00 0.00000000e+00 0.00000000e+00 0.00000000e+00
 0.00000000e+00 0.00000000e+00 0.00000000e+00 0.00000000e+00
 0.00000000e+00 0.00000000e+00 0.00000000e+00 0.00000000e+00
 0.00000000e+00 0.00000000e+00 0.00000000e+00 4.88281250e-04
 0.00000000e+00 0.00000000e+00 0.00000000e+00 5.37109375e-03
 0.00000000e+00 0.00000000e+00 0.00000000e+00 0.00000000e+00
 0.00000000e+00 0.00000000e+00 0.00000000e+00 0.00000000e+00
 0.00000000e+00 0.00000000e+00 0.00000000e+00 0.00000000e+00
 0.00000000e+00 0.00000000e+00 0.00000000e+00 1.95312500e-03
 0.00000000e+00 0.00000000e+00 0.00000000e+00 0.00000000e+00
 0.00000000e+00 0.00000000e+00 0.00000000e+00 3.66210937e-03
 0.00000000e+00 0.00000000e+00 0.00000000e+00 0.00000000e+00
 0.00000000e+00 0.00000000e+00 0.00000000e+00 5.71289062e-02
 0.00000000e+00 0.00000000e+00 0.00000000e+00 0.00000000e+00
 0.00000000e+00 0.00000000e+00 0.00000000e+00 0.00000000e+00
 0.00000000e+00 0.00000000e+00 0.00000000e+00 0.00000000e+00
 0.00000000e+00 0.00000000e+00 0.00000000e+00 0.00000000e+00
 0.00000000e+00 0.00000000e+00 0.00000000e+00 0.00000000e+00
 0.00000000e+00 0.00000000e+00 0.00000000e+00 0.00000000e+00
 0.00000000e+00 0.00000000e+00 0.00000000e+00 0.00000000e+00
 0.00000000e+00 0.00000000e+00 0.00000000e+00 0.00000000e+00
 0.00000000e+00 0.00000000e+00 0.00000000e+00 0.00000000e+00
 0.00000000e+00 0.00000000e+00 0.00000000e+00 0.00000000e+00
 0.00000000e+00 0.00000000e+00 0.00000000e+00 0.00000000e+00
 0.00000000e+00 0.00000000e+00 0.00000000e+00 0.00000000e+00
 0.00000000e+00 0.00000000e+00 0.00000000e+00 0.00000000e+00
 0.00000000e+00 0.00000000e+00 0.00000000e+00 0.00000000e+00
 0.00000000e+00 0.00000000e+00 0.00000000e+00 0.00000000e+00
 0.00000000e+00 0.00000000e+00 0.00000000e+00 0.00000000e+00
 0.00000000e+00 0.00000000e+00 0.00000000e+00 0.00000000e+00
 0.00000000e+00 0.00000000e+00 0.00000000e+00 0.00000000e+00
 0.00000000e+00 0.00000000e+00 0.00000000e+00 0.00000000e+00
 0.00000000e+00 0.00000000e+00 0.00000000e+00 0.00000000e+00
 0.00000000e+00 0.00000000e+00 0.00000000e+00 0.00000000e+00
 0.00000000e+00 0.00000000e+00 0.00000000e+00 0.00000000e+00
 0.00000000e+00 0.00000000e+00 0.00000000e+00 0.00000000e+00
 0.00000000e+00 0.00000000e+00 0.00000000e+00 0.00000000e+00
 0.00000000e+00 0.00000000e+00 0.00000000e+00 0.00000000e+00
 0.00000000e+00 0.00000000e+00 0.00000000e+00 0.00000000e+00
 0.00000000e+00 0.00000000e+00 0.00000000e+00 0.00000000e+00
 0.00000000e+00 0.00000000e+00 0.00000000e+00 0.00000000e+00
 0.00000000e+00 0.00000000e+00 0.00000000e+00 0.00000000e+00
 0.00000000e+00 0.00000000e+00 0.00000000e+00 0.00000000e+00
 0.00000000e+00 0.00000000e+00 0.00000000e+00 0.00000000e+00
 0.00000000e+00 0.00000000e+00 0.00000000e+00 4.07714844e-02]

HOG feature values: (Shape:(1764,)) 
[0.29587201 0.29587201 0.17951319 ... 0.         0.0859987  0.24891986]

Image image-70.png :
Color moments [Mean, Standard deviation, Skewness]: (Shape:(8, 8, 3)) 
[[[ 1.78953125e+02  7.00527496e+01 -7.72190988e-01]
  [ 2.26203125e+02  3.40616074e+01 -9.72439110e-01]
  [ 2.28562500e+02  3.46454697e+01 -1.06241190e+00]
  [ 2.43390625e+02  9.19343758e+00 -1.59044075e+00]
  [ 2.06953125e+02  2.78743992e+01 -8.32918823e-01]
  [ 1.14531250e+02  3.10749950e+01  7.62581289e-01]
  [ 7.64375000e+01  1.00247736e+01  1.95463932e+00]
  [ 6.97812500e+01  6.28109455e+00 -8.46334934e-01]]

 [[ 2.00359375e+02  4.01805954e+01 -1.70480013e+00]
  [ 1.92015625e+02  2.86015129e+01 -4.46067184e-01]
  [ 1.62015625e+02  2.28291836e+01 -1.43215454e+00]
  [ 2.27296875e+02  2.26754818e+01 -1.13138545e+00]
  [ 1.66328125e+02  2.69473190e+01  6.51106358e-01]
  [ 1.34062500e+02  1.37623520e+01 -1.54643905e+00]
  [ 1.10281250e+02  2.58320713e+01 -3.78912359e-01]
  [ 8.92343750e+01  2.09744949e+01 -2.65696440e-02]]

 [[ 2.30171875e+02  2.37792931e+01 -1.35276210e+00]
  [ 1.84359375e+02  3.99219398e+01 -7.46538162e-01]
  [ 1.63375000e+02  4.51056061e+01 -2.62459278e-01]
  [ 2.41046875e+02  1.79386349e+01 -2.05114675e+00]
  [ 1.79218750e+02  2.00175457e+01 -5.45286536e-01]
  [ 1.61812500e+02  3.09095840e+01 -9.35492575e-01]
  [ 1.18359375e+02  3.14510345e+01 -3.77120554e-01]
  [ 1.23421875e+02  2.33437653e+01 -6.31512702e-02]]

 [[ 2.44859375e+02  1.73140717e+01 -3.27557445e+00]
  [ 2.50109375e+02  6.20764971e+00 -2.20949554e+00]
  [ 2.47125000e+02  6.90674496e+00 -2.64242744e+00]
  [ 2.46281250e+02  1.08548212e+01 -1.58508646e+00]
  [ 1.86968750e+02  1.35184698e+01  4.27955210e-01]
  [ 2.25609375e+02  1.07915144e+01 -1.40786457e+00]
  [ 2.23000000e+02  1.59824123e+01 -1.38646412e+00]
  [ 1.82734375e+02  2.11314640e+01 -3.29575419e-01]]

 [[ 2.08546875e+02  7.02559891e+01 -1.84639728e+00]
  [ 2.47953125e+02  6.08643389e+00 -1.53509843e+00]
  [ 2.38281250e+02  9.49419022e+00 -2.61650592e-01]
  [ 2.02843750e+02  3.43703270e+01 -3.28290910e-01]
  [ 1.56734375e+02  1.92501965e+01 -1.14319193e+00]
  [ 2.03078125e+02  1.44084444e+01  2.64265925e-01]
  [ 2.12265625e+02  1.29858599e+01 -8.71101543e-02]
  [ 1.62312500e+02  2.59885044e+01 -4.86613363e-01]]

 [[ 1.71343750e+02  8.63961029e+01 -7.56750941e-01]
  [ 2.42625000e+02  4.26651192e+00 -1.13590491e+00]
  [ 2.25062500e+02  3.71625977e+01 -1.32644165e+00]
  [ 1.97828125e+02  3.18862991e+01  1.42484372e-02]
  [ 1.61218750e+02  2.19049568e+01 -5.36124945e-01]
  [ 1.78281250e+02  2.70540371e+01 -1.65503120e+00]
  [ 1.85125000e+02  9.27951336e+00  2.13284671e-01]
  [ 1.46406250e+02  2.04295425e+01 -7.69530714e-01]]

 [[ 1.14015625e+02  9.03142929e+01  3.63777697e-01]
  [ 2.43328125e+02  4.87677765e+00 -1.20000017e+00]
  [ 2.09781250e+02  4.17969284e+01 -1.42070973e+00]
  [ 2.02765625e+02  2.06001682e+01  4.04660441e-02]
  [ 1.56046875e+02  2.17093220e+01  4.03273106e-01]
  [ 1.56531250e+02  3.49007378e+01 -1.23018396e+00]
  [ 1.74968750e+02  1.18321180e+01  3.59193943e-02]
  [ 1.18578125e+02  3.97844963e+01 -7.72896767e-01]]

 [[ 4.07343750e+01  2.43703461e+01  4.41242313e+00]
  [ 1.87500000e+02  7.87416687e+01 -1.36392498e+00]
  [ 2.43000000e+02  1.10170326e+01 -2.33352757e+00]
  [ 2.06046875e+02  3.47735672e+01 -1.71390906e-01]
  [ 1.88703125e+02  2.88474865e+01  1.24029532e-01]
  [ 1.78250000e+02  1.40734682e+01  9.89824384e-02]
  [ 1.38625000e+02  2.50864124e+01 -1.03076351e+00]
  [ 6.66250000e+01  2.48662052e+01  1.58776510e+00]]]

LBP feature values: (Shape:(256,)) 
[1.73339844e-02 3.39355469e-02 0.00000000e+00 4.34570312e-02
 0.00000000e+00 5.85937500e-03 0.00000000e+00 1.62353516e-01
 0.00000000e+00 4.88281250e-04 0.00000000e+00 1.46484375e-03
 0.00000000e+00 1.70898437e-03 0.00000000e+00 3.97949219e-01
 0.00000000e+00 5.12695312e-03 0.00000000e+00 9.76562500e-04
 0.00000000e+00 1.46484375e-03 0.00000000e+00 5.61523437e-03
 0.00000000e+00 1.46484375e-03 0.00000000e+00 1.70898437e-03
 0.00000000e+00 5.61523437e-03 0.00000000e+00 1.73583984e-01
 0.00000000e+00 0.00000000e+00 0.00000000e+00 0.00000000e+00
 0.00000000e+00 2.44140625e-04 0.00000000e+00 2.19726562e-03
 0.00000000e+00 0.00000000e+00 0.00000000e+00 7.32421875e-04
 0.00000000e+00 0.00000000e+00 0.00000000e+00 1.46484375e-03
 0.00000000e+00 0.00000000e+00 0.00000000e+00 7.32421875e-04
 0.00000000e+00 0.00000000e+00 0.00000000e+00 2.19726562e-03
 0.00000000e+00 0.00000000e+00 0.00000000e+00 2.44140625e-03
 0.00000000e+00 5.85937500e-03 0.00000000e+00 4.80957031e-02
 0.00000000e+00 0.00000000e+00 0.00000000e+00 0.00000000e+00
 0.00000000e+00 0.00000000e+00 0.00000000e+00 0.00000000e+00
 0.00000000e+00 0.00000000e+00 0.00000000e+00 0.00000000e+00
 0.00000000e+00 0.00000000e+00 0.00000000e+00 0.00000000e+00
 0.00000000e+00 0.00000000e+00 0.00000000e+00 0.00000000e+00
 0.00000000e+00 0.00000000e+00 0.00000000e+00 9.76562500e-04
 0.00000000e+00 0.00000000e+00 0.00000000e+00 0.00000000e+00
 0.00000000e+00 0.00000000e+00 0.00000000e+00 4.88281250e-03
 0.00000000e+00 0.00000000e+00 0.00000000e+00 0.00000000e+00
 0.00000000e+00 0.00000000e+00 0.00000000e+00 0.00000000e+00
 0.00000000e+00 0.00000000e+00 0.00000000e+00 0.00000000e+00
 0.00000000e+00 0.00000000e+00 0.00000000e+00 1.70898437e-03
 0.00000000e+00 0.00000000e+00 0.00000000e+00 0.00000000e+00
 0.00000000e+00 0.00000000e+00 0.00000000e+00 1.70898437e-03
 0.00000000e+00 0.00000000e+00 0.00000000e+00 0.00000000e+00
 0.00000000e+00 0.00000000e+00 0.00000000e+00 3.49121094e-02
 0.00000000e+00 0.00000000e+00 0.00000000e+00 0.00000000e+00
 0.00000000e+00 0.00000000e+00 0.00000000e+00 0.00000000e+00
 0.00000000e+00 0.00000000e+00 0.00000000e+00 0.00000000e+00
 0.00000000e+00 0.00000000e+00 0.00000000e+00 0.00000000e+00
 0.00000000e+00 0.00000000e+00 0.00000000e+00 0.00000000e+00
 0.00000000e+00 0.00000000e+00 0.00000000e+00 0.00000000e+00
 0.00000000e+00 0.00000000e+00 0.00000000e+00 0.00000000e+00
 0.00000000e+00 0.00000000e+00 0.00000000e+00 0.00000000e+00
 0.00000000e+00 0.00000000e+00 0.00000000e+00 0.00000000e+00
 0.00000000e+00 0.00000000e+00 0.00000000e+00 0.00000000e+00
 0.00000000e+00 0.00000000e+00 0.00000000e+00 0.00000000e+00
 0.00000000e+00 0.00000000e+00 0.00000000e+00 0.00000000e+00
 0.00000000e+00 0.00000000e+00 0.00000000e+00 0.00000000e+00
 0.00000000e+00 0.00000000e+00 0.00000000e+00 0.00000000e+00
 0.00000000e+00 0.00000000e+00 0.00000000e+00 0.00000000e+00
 0.00000000e+00 0.00000000e+00 0.00000000e+00 0.00000000e+00
 0.00000000e+00 0.00000000e+00 0.00000000e+00 0.00000000e+00
 0.00000000e+00 0.00000000e+00 0.00000000e+00 0.00000000e+00
 0.00000000e+00 0.00000000e+00 0.00000000e+00 0.00000000e+00
 0.00000000e+00 0.00000000e+00 0.00000000e+00 0.00000000e+00
 0.00000000e+00 0.00000000e+00 0.00000000e+00 0.00000000e+00
 0.00000000e+00 0.00000000e+00 0.00000000e+00 0.00000000e+00
 0.00000000e+00 0.00000000e+00 0.00000000e+00 0.00000000e+00
 0.00000000e+00 0.00000000e+00 0.00000000e+00 0.00000000e+00
 0.00000000e+00 0.00000000e+00 0.00000000e+00 0.00000000e+00
 0.00000000e+00 0.00000000e+00 0.00000000e+00 0.00000000e+00
 0.00000000e+00 0.00000000e+00 0.00000000e+00 0.00000000e+00
 0.00000000e+00 0.00000000e+00 0.00000000e+00 0.00000000e+00
 0.00000000e+00 0.00000000e+00 0.00000000e+00 0.00000000e+00
 0.00000000e+00 0.00000000e+00 0.00000000e+00 0.00000000e+00
 0.00000000e+00 0.00000000e+00 0.00000000e+00 0.00000000e+00
 0.00000000e+00 0.00000000e+00 0.00000000e+00 3.17382812e-02]

HOG feature values: (Shape:(1764,)) 
[0.38160651 0.11090694 0.04824447 ... 0.01612411 0.03717301 0.09123769]

Image image-80.png :
Color moments [Mean, Standard deviation, Skewness]: (Shape:(8, 8, 3)) 
[[[ 1.73843750e+02  2.10388165e+01 -2.36432165e-01]
  [ 2.09343750e+02  1.39913130e+01  5.18876255e-01]
  [ 2.21218750e+02  1.42822752e+01 -3.46626431e-01]
  [ 2.34609375e+02  6.26153231e+00  2.96170235e-01]
  [ 2.31843750e+02  7.07376051e+00 -1.93729699e-01]
  [ 2.18968750e+02  1.08310442e+01 -5.07411838e-01]
  [ 1.93078125e+02  1.27980766e+01  2.90943027e-01]
  [ 1.37937500e+02  2.89843025e+01 -3.63129079e-01]]

 [[ 1.45296875e+02  4.48266373e+01 -2.15504467e-01]
  [ 1.20937500e+02  7.53682404e+01  3.65555555e-01]
  [ 1.35359375e+02  8.84592667e+01 -1.94626704e-01]
  [ 1.86765625e+02  5.01023140e+01 -8.69581819e-01]
  [ 1.88359375e+02  4.28333817e+01 -7.43772626e-01]
  [ 1.36546875e+02  7.88251495e+01 -2.68255949e-01]
  [ 1.01484375e+02  7.17443314e+01  4.33391094e-01]
  [ 1.09781250e+02  3.53091125e+01 -9.75518720e-04]]

 [[ 1.81015625e+02  3.94744720e+01 -1.72554457e+00]
  [ 1.11015625e+02  4.78743439e+01 -5.33309698e-01]
  [ 7.59531250e+01  3.50332069e+01 -1.98317260e-01]
  [ 1.29828125e+02  5.62518196e+01  2.15609387e-01]
  [ 1.75562500e+02  5.66198616e+01 -1.75159231e-01]
  [ 7.76718750e+01  3.05507011e+01 -3.59253228e-01]
  [ 9.43281250e+01  3.54083519e+01 -9.66291249e-01]
  [ 1.33859375e+02  2.62671757e+01 -2.21503973e+00]]

 [[ 2.01765625e+02  1.69887295e+01 -3.09032053e-01]
  [ 2.19125000e+02  3.34213181e+01 -2.00744104e+00]
  [ 2.05046875e+02  3.73624229e+01 -1.80059016e+00]
  [ 2.07046875e+02  1.00162830e+01  1.03370138e-01]
  [ 2.16359375e+02  3.17324581e+01 -3.79919529e-01]
  [ 1.74046875e+02  2.28660698e+01 -8.32988381e-01]
  [ 1.89515625e+02  3.68900337e+01 -7.99695492e-01]
  [ 1.70625000e+02  2.13303623e+01  3.42276394e-01]]

 [[ 1.64500000e+02  2.45458755e+01  3.18640798e-01]
  [ 1.95718750e+02  2.52056961e+01 -2.33111456e-01]
  [ 1.75593750e+02  2.36482811e+01  2.03870341e-01]
  [ 1.70078125e+02  4.62811699e+01 -1.10909247e+00]
  [ 1.86312500e+02  4.52844734e+01 -5.16465008e-01]
  [ 1.48578125e+02  2.43675022e+01  2.42089182e-02]
  [ 1.81984375e+02  2.58453884e+01  7.52572790e-02]
  [ 1.38968750e+02  2.69663963e+01  5.54708421e-01]]

 [[ 1.16453125e+02  1.85589676e+01  2.82253742e-01]
  [ 1.40750000e+02  1.71281929e+01 -9.44881737e-01]
  [ 1.44078125e+02  3.80424538e+01 -5.18161476e-01]
  [ 1.23562500e+02  4.11794395e+01 -1.19101949e-01]
  [ 9.96406250e+01  2.11345158e+01  3.49536031e-01]
  [ 1.18109375e+02  2.10454254e+01 -6.40242577e-01]
  [ 1.25796875e+02  1.77210846e+01  5.59487604e-02]
  [ 9.29843750e+01  2.47092419e+01  6.28397986e-02]]

 [[ 1.33359375e+02  4.50771446e+01  1.27287567e-01]
  [ 9.43125000e+01  1.17285376e+01  8.05466473e-01]
  [ 1.32234375e+02  1.66590271e+01  3.49650055e-01]
  [ 1.11078125e+02  3.88865738e+01  4.46038634e-01]
  [ 9.64531250e+01  2.84159546e+01  5.83464563e-01]
  [ 1.15062500e+02  1.26106043e+01 -4.96482521e-01]
  [ 9.26718750e+01  2.36927299e+01 -1.67315149e+00]
  [ 5.50468750e+01  8.96247292e+00  2.43998957e+00]]

 [[ 1.79359375e+02  1.48801107e+01 -2.07345867e+00]
  [ 1.04953125e+02  3.27845383e+01  7.95211017e-01]
  [ 1.09734375e+02  4.00758018e+01  3.39746803e-01]
  [ 1.34906250e+02  4.13252029e+01  1.40468460e-02]
  [ 1.24078125e+02  2.59038506e+01 -6.37289286e-01]
  [ 1.06375000e+02  2.42747936e+01 -2.15506092e-01]
  [ 7.21250000e+01  2.84058208e+01 -2.00999677e-01]
  [ 5.63125000e+01  7.21299839e+00 -5.73648691e-01]]]

LBP feature values: (Shape:(256,)) 
[2.63671875e-02 4.39453125e-02 0.00000000e+00 5.51757812e-02
 0.00000000e+00 5.85937500e-03 0.00000000e+00 1.59912109e-01
 0.00000000e+00 2.44140625e-03 0.00000000e+00 2.19726562e-03
 0.00000000e+00 2.92968750e-03 0.00000000e+00 3.52050781e-01
 0.00000000e+00 5.12695312e-03 0.00000000e+00 2.19726562e-03
 0.00000000e+00 7.32421875e-04 0.00000000e+00 4.15039062e-03
 0.00000000e+00 3.41796875e-03 0.00000000e+00 2.92968750e-03
 0.00000000e+00 4.39453125e-03 0.00000000e+00 1.57714844e-01
 0.00000000e+00 0.00000000e+00 0.00000000e+00 0.00000000e+00
 0.00000000e+00 0.00000000e+00 0.00000000e+00 2.92968750e-03
 0.00000000e+00 0.00000000e+00 0.00000000e+00 7.32421875e-04
 0.00000000e+00 7.32421875e-04 0.00000000e+00 4.39453125e-03
 0.00000000e+00 0.00000000e+00 0.00000000e+00 2.44140625e-04
 0.00000000e+00 0.00000000e+00 0.00000000e+00 2.68554687e-03
 0.00000000e+00 0.00000000e+00 0.00000000e+00 3.41796875e-03
 0.00000000e+00 3.41796875e-03 0.00000000e+00 5.78613281e-02
 0.00000000e+00 0.00000000e+00 0.00000000e+00 0.00000000e+00
 0.00000000e+00 0.00000000e+00 0.00000000e+00 0.00000000e+00
 0.00000000e+00 0.00000000e+00 0.00000000e+00 0.00000000e+00
 0.00000000e+00 0.00000000e+00 0.00000000e+00 0.00000000e+00
 0.00000000e+00 0.00000000e+00 0.00000000e+00 0.00000000e+00
 0.00000000e+00 0.00000000e+00 0.00000000e+00 4.88281250e-04
 0.00000000e+00 0.00000000e+00 0.00000000e+00 2.44140625e-04
 0.00000000e+00 0.00000000e+00 0.00000000e+00 3.90625000e-03
 0.00000000e+00 0.00000000e+00 0.00000000e+00 0.00000000e+00
 0.00000000e+00 0.00000000e+00 0.00000000e+00 0.00000000e+00
 0.00000000e+00 0.00000000e+00 0.00000000e+00 0.00000000e+00
 0.00000000e+00 0.00000000e+00 0.00000000e+00 4.15039062e-03
 0.00000000e+00 0.00000000e+00 0.00000000e+00 0.00000000e+00
 0.00000000e+00 0.00000000e+00 0.00000000e+00 1.70898437e-03
 0.00000000e+00 0.00000000e+00 0.00000000e+00 0.00000000e+00
 0.00000000e+00 0.00000000e+00 0.00000000e+00 4.76074219e-02
 0.00000000e+00 0.00000000e+00 0.00000000e+00 0.00000000e+00
 0.00000000e+00 0.00000000e+00 0.00000000e+00 0.00000000e+00
 0.00000000e+00 0.00000000e+00 0.00000000e+00 0.00000000e+00
 0.00000000e+00 0.00000000e+00 0.00000000e+00 0.00000000e+00
 0.00000000e+00 0.00000000e+00 0.00000000e+00 0.00000000e+00
 0.00000000e+00 0.00000000e+00 0.00000000e+00 0.00000000e+00
 0.00000000e+00 0.00000000e+00 0.00000000e+00 0.00000000e+00
 0.00000000e+00 0.00000000e+00 0.00000000e+00 0.00000000e+00
 0.00000000e+00 0.00000000e+00 0.00000000e+00 0.00000000e+00
 0.00000000e+00 0.00000000e+00 0.00000000e+00 0.00000000e+00
 0.00000000e+00 0.00000000e+00 0.00000000e+00 0.00000000e+00
 0.00000000e+00 0.00000000e+00 0.00000000e+00 0.00000000e+00
 0.00000000e+00 0.00000000e+00 0.00000000e+00 0.00000000e+00
 0.00000000e+00 0.00000000e+00 0.00000000e+00 0.00000000e+00
 0.00000000e+00 0.00000000e+00 0.00000000e+00 0.00000000e+00
 0.00000000e+00 0.00000000e+00 0.00000000e+00 0.00000000e+00
 0.00000000e+00 0.00000000e+00 0.00000000e+00 0.00000000e+00
 0.00000000e+00 0.00000000e+00 0.00000000e+00 0.00000000e+00
 0.00000000e+00 0.00000000e+00 0.00000000e+00 0.00000000e+00
 0.00000000e+00 0.00000000e+00 0.00000000e+00 0.00000000e+00
 0.00000000e+00 0.00000000e+00 0.00000000e+00 0.00000000e+00
 0.00000000e+00 0.00000000e+00 0.00000000e+00 0.00000000e+00
 0.00000000e+00 0.00000000e+00 0.00000000e+00 0.00000000e+00
 0.00000000e+00 0.00000000e+00 0.00000000e+00 0.00000000e+00
 0.00000000e+00 0.00000000e+00 0.00000000e+00 0.00000000e+00
 0.00000000e+00 0.00000000e+00 0.00000000e+00 0.00000000e+00
 0.00000000e+00 0.00000000e+00 0.00000000e+00 0.00000000e+00
 0.00000000e+00 0.00000000e+00 0.00000000e+00 0.00000000e+00
 0.00000000e+00 0.00000000e+00 0.00000000e+00 0.00000000e+00
 0.00000000e+00 0.00000000e+00 0.00000000e+00 0.00000000e+00
 0.00000000e+00 0.00000000e+00 0.00000000e+00 0.00000000e+00
 0.00000000e+00 0.00000000e+00 0.00000000e+00 3.39355469e-02]

HOG feature values: (Shape:(1764,)) 
[0.32742854 0.24816774 0.068654   ... 0.0222163  0.02467909 0.02973077]

Image image-90.png :
Color moments [Mean, Standard deviation, Skewness]: (Shape:(8, 8, 3)) 
[[[ 1.67578125e+02  3.59530106e+01 -7.36877680e-01]
  [ 2.09796875e+02  2.43747940e+01 -1.77221799e+00]
  [ 2.28375000e+02  1.11698532e+01 -2.22080564e+00]
  [ 2.31156250e+02  4.26914358e+00 -1.86457682e+00]
  [ 2.22390625e+02  7.78744411e+00 -1.48159754e+00]
  [ 2.06500000e+02  2.60030041e+01 -2.26939964e+00]
  [ 1.71796875e+02  3.91512222e+01 -1.20768917e+00]
  [ 1.35453125e+02  2.56417179e+01 -4.56727833e-01]]

 [[ 1.40984375e+02  3.28588295e+01 -5.03011227e-01]
  [ 9.34531250e+01  3.04024715e+01  7.74066329e-01]
  [ 9.97656250e+01  3.29553375e+01  1.38063610e-01]
  [ 1.99656250e+02  3.29697876e+01 -1.03262067e+00]
  [ 1.75593750e+02  3.60904770e+01 -5.37983656e-01]
  [ 8.60468750e+01  2.26194248e+01  3.09344560e-01]
  [ 7.74843750e+01  3.07433891e+01  5.73760867e-01]
  [ 1.02906250e+02  2.67550926e+01 -4.66230720e-01]]

 [[ 1.87796875e+02  3.73003769e+01 -1.11256289e+00]
  [ 1.34921875e+02  4.31495552e+01 -5.53417981e-01]
  [ 1.27234375e+02  4.12476273e+01 -7.01007307e-01]
  [ 2.13578125e+02  3.82511406e+01 -8.69661570e-01]
  [ 1.74312500e+02  4.23666573e+01  4.79867518e-01]
  [ 1.30718750e+02  3.54975624e+01 -7.60187745e-01]
  [ 1.03703125e+02  3.62748528e+01 -5.30553281e-01]
  [ 1.37562500e+02  3.33751755e+01 -9.52343702e-01]]

 [[ 2.17984375e+02  2.01699753e+01 -1.89904463e+00]
  [ 2.30093750e+02  2.51711140e+01 -1.51413262e+00]
  [ 2.27890625e+02  2.19702301e+01 -2.22013474e+00]
  [ 2.35718750e+02  1.00599279e+01  3.84181947e-01]
  [ 1.81453125e+02  2.70946999e+01  1.22066903e+00]
  [ 2.08750000e+02  2.04175167e+01 -1.19661450e+00]
  [ 2.04859375e+02  3.04953194e+01 -9.41797495e-01]
  [ 1.83062500e+02  1.66966267e+01  3.49109411e-01]]

 [[ 1.76578125e+02  5.47373886e+01 -1.43149042e+00]
  [ 2.22000000e+02  1.97539558e+01 -1.08566332e+00]
  [ 1.90562500e+02  2.67791176e+01 -1.90596715e-01]
  [ 2.25218750e+02  2.04553394e+01 -1.51858437e+00]
  [ 1.75187500e+02  3.13811626e+01 -9.14422870e-02]
  [ 1.69750000e+02  3.15505543e+01  1.81770951e-01]
  [ 1.99234375e+02  1.89676876e+01 -2.30937302e-01]
  [ 1.59875000e+02  2.20726776e+01  2.23397702e-01]]

 [[ 1.17156250e+02  6.33130150e+01 -8.13923597e-01]
  [ 1.53781250e+02  1.72974606e+01  1.68920368e-01]
  [ 1.87171875e+02  3.50238991e+01 -6.00886762e-01]
  [ 1.79390625e+02  3.14128838e+01 -7.52549395e-02]
  [ 1.43109375e+02  2.11224976e+01 -5.13410032e-01]
  [ 1.43484375e+02  1.82653980e+01 -9.86535668e-01]
  [ 1.39093750e+02  1.77594337e+01 -1.09321320e+00]
  [ 1.28296875e+02  8.85416508e+00 -4.82419401e-01]]

 [[ 6.17031250e+01  5.20962677e+01  1.07919991e+00]
  [ 1.60593750e+02  1.42057629e+01 -1.05206943e+00]
  [ 1.75093750e+02  4.06143112e+01 -1.31891835e+00]
  [ 1.54218750e+02  1.86610126e+01  2.81645656e-01]
  [ 1.25687500e+02  1.72625637e+01 -6.85624301e-01]
  [ 1.28781250e+02  2.97701969e+01 -6.31442845e-01]
  [ 1.39453125e+02  1.21680031e+01 -2.07838073e-01]
  [ 8.85156250e+01  4.23453026e+01 -6.73375964e-01]]

 [[ 1.63906250e+01  6.60638237e+00  1.12825382e+00]
  [ 1.07578125e+02  6.39078484e+01 -5.02284348e-01]
  [ 1.99703125e+02  1.49129553e+01 -1.36541378e+00]
  [ 1.74265625e+02  2.78046989e+01  4.29241031e-01]
  [ 1.54046875e+02  2.23993797e+01  1.24167788e+00]
  [ 1.54921875e+02  1.09377565e+01 -1.41203475e+00]
  [ 1.16484375e+02  1.43178129e+01  7.98398435e-01]
  [ 3.87656250e+01  3.21294937e+01  8.82937908e-01]]]

LBP feature values: (Shape:(256,)) 
[1.56250000e-02 4.76074219e-02 0.00000000e+00 4.32128906e-02
 0.00000000e+00 4.63867187e-03 0.00000000e+00 1.60400391e-01
 0.00000000e+00 1.95312500e-03 0.00000000e+00 2.68554687e-03
 0.00000000e+00 2.68554687e-03 0.00000000e+00 4.01367187e-01
 0.00000000e+00 6.34765625e-03 0.00000000e+00 1.70898437e-03
 0.00000000e+00 2.44140625e-04 0.00000000e+00 2.68554687e-03
 0.00000000e+00 2.44140625e-03 0.00000000e+00 9.76562500e-04
 0.00000000e+00 5.12695312e-03 0.00000000e+00 1.53564453e-01
 0.00000000e+00 0.00000000e+00 0.00000000e+00 0.00000000e+00
 0.00000000e+00 0.00000000e+00 0.00000000e+00 2.44140625e-03
 0.00000000e+00 0.00000000e+00 0.00000000e+00 0.00000000e+00
 0.00000000e+00 0.00000000e+00 0.00000000e+00 3.17382812e-03
 0.00000000e+00 0.00000000e+00 0.00000000e+00 4.88281250e-04
 0.00000000e+00 2.44140625e-04 0.00000000e+00 2.19726562e-03
 0.00000000e+00 0.00000000e+00 0.00000000e+00 2.19726562e-03
 0.00000000e+00 4.63867187e-03 0.00000000e+00 4.71191406e-02
 0.00000000e+00 0.00000000e+00 0.00000000e+00 0.00000000e+00
 0.00000000e+00 0.00000000e+00 0.00000000e+00 0.00000000e+00
 0.00000000e+00 0.00000000e+00 0.00000000e+00 0.00000000e+00
 0.00000000e+00 0.00000000e+00 0.00000000e+00 0.00000000e+00
 0.00000000e+00 0.00000000e+00 0.00000000e+00 0.00000000e+00
 0.00000000e+00 0.00000000e+00 0.00000000e+00 0.00000000e+00
 0.00000000e+00 0.00000000e+00 0.00000000e+00 0.00000000e+00
 0.00000000e+00 0.00000000e+00 0.00000000e+00 5.61523437e-03
 0.00000000e+00 0.00000000e+00 0.00000000e+00 0.00000000e+00
 0.00000000e+00 0.00000000e+00 0.00000000e+00 0.00000000e+00
 0.00000000e+00 0.00000000e+00 0.00000000e+00 0.00000000e+00
 0.00000000e+00 0.00000000e+00 0.00000000e+00 1.46484375e-03
 0.00000000e+00 0.00000000e+00 0.00000000e+00 0.00000000e+00
 0.00000000e+00 0.00000000e+00 0.00000000e+00 2.19726562e-03
 0.00000000e+00 0.00000000e+00 0.00000000e+00 0.00000000e+00
 0.00000000e+00 0.00000000e+00 0.00000000e+00 3.97949219e-02
 0.00000000e+00 0.00000000e+00 0.00000000e+00 0.00000000e+00
 0.00000000e+00 0.00000000e+00 0.00000000e+00 0.00000000e+00
 0.00000000e+00 0.00000000e+00 0.00000000e+00 0.00000000e+00
 0.00000000e+00 0.00000000e+00 0.00000000e+00 0.00000000e+00
 0.00000000e+00 0.00000000e+00 0.00000000e+00 0.00000000e+00
 0.00000000e+00 0.00000000e+00 0.00000000e+00 0.00000000e+00
 0.00000000e+00 0.00000000e+00 0.00000000e+00 0.00000000e+00
 0.00000000e+00 0.00000000e+00 0.00000000e+00 0.00000000e+00
 0.00000000e+00 0.00000000e+00 0.00000000e+00 0.00000000e+00
 0.00000000e+00 0.00000000e+00 0.00000000e+00 0.00000000e+00
 0.00000000e+00 0.00000000e+00 0.00000000e+00 0.00000000e+00
 0.00000000e+00 0.00000000e+00 0.00000000e+00 0.00000000e+00
 0.00000000e+00 0.00000000e+00 0.00000000e+00 0.00000000e+00
 0.00000000e+00 0.00000000e+00 0.00000000e+00 0.00000000e+00
 0.00000000e+00 0.00000000e+00 0.00000000e+00 0.00000000e+00
 0.00000000e+00 0.00000000e+00 0.00000000e+00 0.00000000e+00
 0.00000000e+00 0.00000000e+00 0.00000000e+00 0.00000000e+00
 0.00000000e+00 0.00000000e+00 0.00000000e+00 0.00000000e+00
 0.00000000e+00 0.00000000e+00 0.00000000e+00 0.00000000e+00
 0.00000000e+00 0.00000000e+00 0.00000000e+00 0.00000000e+00
 0.00000000e+00 0.00000000e+00 0.00000000e+00 0.00000000e+00
 0.00000000e+00 0.00000000e+00 0.00000000e+00 0.00000000e+00
 0.00000000e+00 0.00000000e+00 0.00000000e+00 0.00000000e+00
 0.00000000e+00 0.00000000e+00 0.00000000e+00 0.00000000e+00
 0.00000000e+00 0.00000000e+00 0.00000000e+00 0.00000000e+00
 0.00000000e+00 0.00000000e+00 0.00000000e+00 0.00000000e+00
 0.00000000e+00 0.00000000e+00 0.00000000e+00 0.00000000e+00
 0.00000000e+00 0.00000000e+00 0.00000000e+00 0.00000000e+00
 0.00000000e+00 0.00000000e+00 0.00000000e+00 0.00000000e+00
 0.00000000e+00 0.00000000e+00 0.00000000e+00 0.00000000e+00
 0.00000000e+00 0.00000000e+00 0.00000000e+00 0.00000000e+00
 0.00000000e+00 0.00000000e+00 0.00000000e+00 3.51562500e-02]

HOG feature values: (Shape:(1764,)) 
[0.28724693 0.10036561 0.04969629 ... 0.01174538 0.01789936 0.04884766]

