Image image-0.png :
Color moments [Mean, Standard deviation, Skewness]: (Shape:(8, 8, 3)) 
[[[ 1.47078125e+02  4.15042534e+01 -5.50547123e-01]
  [ 1.96093750e+02  4.51289368e+00 -7.12079108e-01]
  [ 2.03921875e+02  3.69672441e+00  4.03322190e-01]
  [ 2.23531250e+02  6.45408964e+00 -5.34948707e-01]
  [ 2.14203125e+02  8.63709259e+00 -1.89562604e-01]
  [ 2.03359375e+02  4.38878965e+00 -1.24893665e+00]
  [ 2.02687500e+02  5.23770905e+00 -9.83680546e-01]
  [ 1.33718750e+02  4.28921127e+01 -1.74879298e-01]]

 [[ 1.48687500e+02  4.19217567e+01 -1.18269598e+00]
  [ 1.79312500e+02  2.19999104e+01 -8.18992555e-01]
  [ 1.66984375e+02  2.95928059e+01 -1.18022215e+00]
  [ 2.08671875e+02  8.53861618e+00 -9.26545680e-01]
  [ 2.02453125e+02  8.57673073e+00 -7.79203355e-01]
  [ 1.57171875e+02  2.70633259e+01 -5.36050141e-01]
  [ 1.75390625e+02  2.71400394e+01 -2.12070704e+00]
  [ 1.36015625e+02  4.88906593e+01 -1.02190578e+00]]

 [[ 1.83562500e+02  2.77881908e+01 -2.25600839e+00]
  [ 1.74703125e+02  3.89092178e+01 -5.13568878e-01]
  [ 1.48109375e+02  2.65660229e+01 -1.13266146e+00]
  [ 1.85375000e+02  1.78548832e+01 -8.36641550e-01]
  [ 1.85515625e+02  2.54337330e+01 -4.23911661e-01]
  [ 1.54156250e+02  2.03448544e+01 -5.39754748e-01]
  [ 1.55468750e+02  3.69175453e+01 -1.18210185e+00]
  [ 1.70671875e+02  2.95513630e+01 -2.68772697e+00]]

 [[ 1.92109375e+02  1.50417309e+01 -4.12154347e-01]
  [ 1.98281250e+02  5.87491703e+00  4.72196862e-02]
  [ 1.95765625e+02  1.17430058e+01  2.86162615e-01]
  [ 1.91921875e+02  8.75054359e+00 -7.17542887e-01]
  [ 1.99015625e+02  1.16236458e+01 -9.84945238e-01]
  [ 1.82625000e+02  1.04754181e+01  6.38891235e-02]
  [ 1.90484375e+02  7.61985922e+00 -4.29734826e-01]
  [ 1.84828125e+02  1.41593113e+01 -6.73089206e-01]]

 [[ 1.86156250e+02  4.84420471e+01 -2.45504451e+00]
  [ 2.18015625e+02  7.14469242e+00 -2.63826877e-01]
  [ 2.05125000e+02  7.88491440e+00 -2.55007505e+00]
  [ 1.96890625e+02  1.74938526e+01 -3.32554966e-01]
  [ 1.90437500e+02  2.14635410e+01 -7.51958668e-01]
  [ 2.01078125e+02  1.16247377e+01 -1.47198415e+00]
  [ 2.07921875e+02  6.00599861e+00 -1.41277527e-02]
  [ 1.73515625e+02  3.21325340e+01 -2.57425737e+00]]

 [[ 1.25484375e+02  8.46413345e+01 -1.25987574e-01]
  [ 2.30328125e+02  4.46883202e+00 -2.92629480e-01]
  [ 2.09843750e+02  1.01415281e+01 -4.06558871e-01]
  [ 1.87390625e+02  1.36308670e+01 -1.08421832e-01]
  [ 1.84750000e+02  9.77081108e+00  5.97239621e-02]
  [ 2.09953125e+02  7.99888611e+00 -9.69128966e-01]
  [ 2.12781250e+02  6.21859312e+00 -8.82040143e-01]
  [ 1.15859375e+02  7.28036423e+01 -2.10120112e-01]]

 [[ 6.32968750e+01  6.32103806e+01  1.48739707e+00]
  [ 2.27015625e+02  1.25430412e+01 -2.11235237e+00]
  [ 1.97640625e+02  3.24838257e+01 -7.89892197e-01]
  [ 1.60281250e+02  3.45187759e+01  6.86732680e-02]
  [ 1.48781250e+02  3.11626129e+01 -2.51410361e-02]
  [ 1.90390625e+02  2.64011211e+01 -1.43347967e+00]
  [ 1.95421875e+02  1.68279953e+01 -1.12273264e+00]
  [ 7.54843750e+01  6.09138680e+01  5.38826048e-01]]

 [[ 4.94062500e+01  3.74076843e+01  2.11452913e+00]
  [ 1.99484375e+02  1.47616396e+01  4.67967808e-01]
  [ 2.19984375e+02  9.46455956e+00 -2.08986187e+00]
  [ 2.01156250e+02  1.21735096e+01  2.20839828e-01]
  [ 1.91578125e+02  1.05056601e+01 -2.55556583e-01]
  [ 1.91671875e+02  1.46309338e+01 -1.34294271e+00]
  [ 1.65578125e+02  1.41474428e+01  7.45708272e-02]
  [ 7.64218750e+01  6.79645615e+01  6.06558502e-01]]]

LBP feature values: (Shape:(256,)) 
[3.22265625e-02 5.98144531e-02 0.00000000e+00 6.37207031e-02
 0.00000000e+00 6.10351562e-03 0.00000000e+00 1.37695312e-01
 0.00000000e+00 7.32421875e-04 0.00000000e+00 5.37109375e-03
 0.00000000e+00 5.37109375e-03 0.00000000e+00 2.74414062e-01
 0.00000000e+00 6.10351562e-03 0.00000000e+00 4.63867187e-03
 0.00000000e+00 1.70898437e-03 0.00000000e+00 3.66210937e-03
 0.00000000e+00 5.12695312e-03 0.00000000e+00 4.15039062e-03
 0.00000000e+00 7.56835937e-03 0.00000000e+00 1.73339844e-01
 0.00000000e+00 0.00000000e+00 0.00000000e+00 0.00000000e+00
 0.00000000e+00 2.44140625e-04 0.00000000e+00 2.19726562e-03
 0.00000000e+00 0.00000000e+00 0.00000000e+00 2.44140625e-04
 0.00000000e+00 2.44140625e-04 0.00000000e+00 4.15039062e-03
 0.00000000e+00 0.00000000e+00 0.00000000e+00 1.22070312e-03
 0.00000000e+00 2.44140625e-04 0.00000000e+00 2.19726562e-03
 0.00000000e+00 0.00000000e+00 0.00000000e+00 3.90625000e-03
 0.00000000e+00 3.66210937e-03 0.00000000e+00 7.22656250e-02
 0.00000000e+00 0.00000000e+00 0.00000000e+00 0.00000000e+00
 0.00000000e+00 0.00000000e+00 0.00000000e+00 0.00000000e+00
 0.00000000e+00 0.00000000e+00 0.00000000e+00 0.00000000e+00
 0.00000000e+00 0.00000000e+00 0.00000000e+00 0.00000000e+00
 0.00000000e+00 0.00000000e+00 0.00000000e+00 0.00000000e+00
 0.00000000e+00 0.00000000e+00 0.00000000e+00 0.00000000e+00
 0.00000000e+00 0.00000000e+00 0.00000000e+00 2.44140625e-04
 0.00000000e+00 0.00000000e+00 0.00000000e+00 5.37109375e-03
 0.00000000e+00 0.00000000e+00 0.00000000e+00 0.00000000e+00
 0.00000000e+00 0.00000000e+00 0.00000000e+00 0.00000000e+00
 0.00000000e+00 0.00000000e+00 0.00000000e+00 0.00000000e+00
 0.00000000e+00 0.00000000e+00 0.00000000e+00 1.95312500e-03
 0.00000000e+00 0.00000000e+00 0.00000000e+00 0.00000000e+00
 0.00000000e+00 0.00000000e+00 0.00000000e+00 2.44140625e-03
 0.00000000e+00 0.00000000e+00 0.00000000e+00 0.00000000e+00
 0.00000000e+00 0.00000000e+00 0.00000000e+00 6.03027344e-02
 0.00000000e+00 0.00000000e+00 0.00000000e+00 0.00000000e+00
 0.00000000e+00 0.00000000e+00 0.00000000e+00 0.00000000e+00
 0.00000000e+00 0.00000000e+00 0.00000000e+00 0.00000000e+00
 0.00000000e+00 0.00000000e+00 0.00000000e+00 0.00000000e+00
 0.00000000e+00 0.00000000e+00 0.00000000e+00 0.00000000e+00
 0.00000000e+00 0.00000000e+00 0.00000000e+00 0.00000000e+00
 0.00000000e+00 0.00000000e+00 0.00000000e+00 0.00000000e+00
 0.00000000e+00 0.00000000e+00 0.00000000e+00 0.00000000e+00
 0.00000000e+00 0.00000000e+00 0.00000000e+00 0.00000000e+00
 0.00000000e+00 0.00000000e+00 0.00000000e+00 0.00000000e+00
 0.00000000e+00 0.00000000e+00 0.00000000e+00 0.00000000e+00
 0.00000000e+00 0.00000000e+00 0.00000000e+00 0.00000000e+00
 0.00000000e+00 0.00000000e+00 0.00000000e+00 0.00000000e+00
 0.00000000e+00 0.00000000e+00 0.00000000e+00 0.00000000e+00
 0.00000000e+00 0.00000000e+00 0.00000000e+00 0.00000000e+00
 0.00000000e+00 0.00000000e+00 0.00000000e+00 0.00000000e+00
 0.00000000e+00 0.00000000e+00 0.00000000e+00 0.00000000e+00
 0.00000000e+00 0.00000000e+00 0.00000000e+00 0.00000000e+00
 0.00000000e+00 0.00000000e+00 0.00000000e+00 0.00000000e+00
 0.00000000e+00 0.00000000e+00 0.00000000e+00 0.00000000e+00
 0.00000000e+00 0.00000000e+00 0.00000000e+00 0.00000000e+00
 0.00000000e+00 0.00000000e+00 0.00000000e+00 0.00000000e+00
 0.00000000e+00 0.00000000e+00 0.00000000e+00 0.00000000e+00
 0.00000000e+00 0.00000000e+00 0.00000000e+00 0.00000000e+00
 0.00000000e+00 0.00000000e+00 0.00000000e+00 0.00000000e+00
 0.00000000e+00 0.00000000e+00 0.00000000e+00 0.00000000e+00
 0.00000000e+00 0.00000000e+00 0.00000000e+00 0.00000000e+00
 0.00000000e+00 0.00000000e+00 0.00000000e+00 0.00000000e+00
 0.00000000e+00 0.00000000e+00 0.00000000e+00 0.00000000e+00
 0.00000000e+00 0.00000000e+00 0.00000000e+00 0.00000000e+00
 0.00000000e+00 0.00000000e+00 0.00000000e+00 0.00000000e+00
 0.00000000e+00 0.00000000e+00 0.00000000e+00 4.73632812e-02]

HOG feature values: (Shape:(1764,)) 
[0.34298747 0.34298747 0.01171484 ... 0.01057377 0.04454767 0.2046834 ]

Image image-1.png :
Color moments [Mean, Standard deviation, Skewness]: (Shape:(8, 8, 3)) 
[[[ 1.92468750e+02  2.74749718e+01 -1.03923106e+00]
  [ 2.13156250e+02  4.88050556e+00 -1.17214966e+00]
  [ 2.25765625e+02  7.15398073e+00  2.36971721e-01]
  [ 2.34218750e+02  6.37737417e+00 -2.69811660e-01]
  [ 2.17812500e+02  3.42725754e+00  4.36758012e-01]
  [ 2.10406250e+02  4.28558159e+00 -1.57392696e-01]
  [ 1.97703125e+02  1.08723841e+01 -8.64685655e-01]
  [ 6.50000000e+01  4.20943871e+01  1.18557036e+00]]

 [[ 2.09328125e+02  9.70028114e+00  1.84368050e+00]
  [ 1.91890625e+02  3.04713573e+01 -2.05356169e+00]
  [ 1.60328125e+02  3.76007195e+01 -4.51800346e-01]
  [ 1.86125000e+02  2.89015026e+01 -6.19748294e-01]
  [ 2.14968750e+02  9.16339302e+00 -6.01342201e-01]
  [ 1.83031250e+02  3.56444969e+01 -1.31839252e+00]
  [ 1.72140625e+02  3.02204742e+01 -1.31721437e+00]
  [ 6.29062500e+01  4.91056633e+01  1.42624259e+00]]

 [[ 2.16578125e+02  1.38730898e+01 -3.54959905e-01]
  [ 1.85484375e+02  3.27132378e+01 -1.45417058e+00]
  [ 1.59703125e+02  3.55363693e+01 -1.22474813e+00]
  [ 1.73453125e+02  2.82278271e+01 -1.12872019e-01]
  [ 2.18015625e+02  1.19732676e+01  3.28442663e-01]
  [ 1.54703125e+02  3.38136787e+01 -2.37363562e-01]
  [ 1.57375000e+02  4.20800934e+01 -9.99327600e-01]
  [ 5.93593750e+01  5.22740250e+01  1.64952779e+00]]

 [[ 2.22062500e+02  8.71936607e+00  2.98627764e-01]
  [ 2.12593750e+02  4.93621445e+00  3.78924638e-01]
  [ 2.09390625e+02  5.98596573e+00 -4.18890148e-01]
  [ 2.06218750e+02  1.15060701e+01 -4.13057268e-01]
  [ 2.09437500e+02  1.00884762e+01  3.34075876e-02]
  [ 1.93343750e+02  1.92501774e+01 -1.92704082e-01]
  [ 1.86671875e+02  6.35918283e+00  5.79097092e-01]
  [ 6.00156250e+01  5.46947441e+01  1.65295517e+00]]

 [[ 2.35437500e+02  3.81147528e+00 -8.06091651e-02]
  [ 2.29218750e+02  8.21102333e+00  2.41875142e-01]
  [ 2.08750000e+02  8.54583263e+00 -6.18014812e-01]
  [ 1.97343750e+02  1.77175922e+01 -7.53435940e-02]
  [ 2.08187500e+02  2.07393608e+01 -1.53616294e-01]
  [ 1.90468750e+02  2.89028378e+01 -5.66505730e-01]
  [ 1.90375000e+02  3.79866333e+01 -3.14110637e+00]
  [ 3.18750000e+01  1.56559696e+01  4.86173582e+00]]

 [[ 2.36296875e+02  9.20203686e+00 -2.26618931e-01]
  [ 2.37984375e+02  8.32070541e+00 -5.20690501e-01]
  [ 2.08890625e+02  2.47304955e+01 -2.48164272e+00]
  [ 1.83968750e+02  3.78285484e+01 -9.58376169e-01]
  [ 1.67468750e+02  3.38152008e+01 -1.07387054e+00]
  [ 1.92437500e+02  2.47284470e+01 -2.11466217e+00]
  [ 1.41968750e+02  8.21922150e+01 -7.42231965e-01]
  [ 2.29375000e+01  2.69765520e+00 -3.53903681e-01]]

 [[ 2.18000000e+02  1.82551365e+01  3.94431144e-01]
  [ 2.39921875e+02  9.77449608e+00 -5.17806530e-01]
  [ 2.10500000e+02  1.55382595e+01 -2.10484767e+00]
  [ 1.95828125e+02  2.19328194e+01 -8.21511447e-01]
  [ 1.73203125e+02  2.35253696e+01 -1.04869556e+00]
  [ 1.79984375e+02  2.75019817e+01 -1.42491496e+00]
  [ 6.56406250e+01  7.27958069e+01  9.99414444e-01]
  [ 2.25000000e+01  2.75000000e+00  8.11420009e-02]]

 [[ 2.29906250e+02  1.38538342e+01 -6.92303836e-01]
  [ 2.05093750e+02  1.12398825e+01  1.43463954e-01]
  [ 2.00328125e+02  1.13853722e+01  2.47766357e-02]
  [ 1.90031250e+02  6.87606525e+00  1.71019197e-01]
  [ 1.91937500e+02  1.00154181e+01  9.58327949e-02]
  [ 1.55015625e+02  5.34788170e+01 -1.91988361e+00]
  [ 1.52187500e+01  4.02518940e+00 -1.46654332e+00]
  [ 1.85625000e+01  2.55486679e+00  7.34244823e-01]]]

LBP feature values: (Shape:(256,)) 
[0.04394531 0.07666016 0.         0.05883789 0.         0.01171875
 0.         0.13110352 0.         0.00341797 0.         0.0065918
 0.         0.00463867 0.         0.1965332  0.         0.01733398
 0.         0.00537109 0.         0.00073242 0.         0.00708008
 0.         0.00561523 0.         0.00415039 0.         0.00854492
 0.         0.15039062 0.         0.         0.         0.
 0.         0.00048828 0.         0.00390625 0.         0.
 0.         0.00024414 0.         0.         0.         0.00683594
 0.         0.         0.         0.00073242 0.         0.00024414
 0.         0.00390625 0.         0.         0.         0.00415039
 0.         0.0065918  0.         0.06469727 0.         0.
 0.         0.         0.         0.         0.         0.
 0.         0.         0.         0.         0.         0.
 0.         0.         0.         0.         0.         0.
 0.         0.         0.         0.00048828 0.         0.
 0.         0.         0.         0.         0.         0.0090332
 0.         0.         0.         0.         0.         0.
 0.         0.         0.         0.         0.         0.
 0.         0.         0.         0.00463867 0.         0.
 0.         0.         0.         0.         0.         0.00561523
 0.         0.         0.         0.         0.         0.
 0.         0.07373047 0.         0.         0.         0.
 0.         0.         0.         0.         0.         0.
 0.         0.         0.         0.         0.         0.
 0.         0.         0.         0.         0.         0.
 0.         0.         0.         0.         0.         0.
 0.         0.         0.         0.         0.         0.
 0.         0.         0.         0.         0.         0.
 0.         0.         0.         0.         0.         0.
 0.         0.         0.         0.         0.         0.
 0.         0.         0.         0.         0.         0.
 0.         0.         0.         0.         0.         0.
 0.         0.         0.         0.         0.         0.
 0.         0.         0.         0.         0.         0.
 0.         0.         0.         0.         0.         0.
 0.         0.         0.         0.         0.         0.
 0.         0.         0.         0.         0.         0.
 0.         0.         0.         0.         0.         0.
 0.         0.         0.         0.         0.         0.
 0.         0.         0.         0.         0.         0.
 0.         0.         0.         0.         0.         0.
 0.         0.         0.         0.         0.         0.
 0.         0.         0.         0.08203125]

HOG feature values: (Shape:(1764,)) 
[0.31247978 0.31883591 0.31883591 ... 0.02977831 0.01897507 0.        ]

Image image-2.png :
Color moments [Mean, Standard deviation, Skewness]: (Shape:(8, 8, 3)) 
[[[ 1.39875000e+02  4.79076271e+01 -9.22366083e-01]
  [ 1.92546875e+02  4.86675501e+00 -4.46019113e-01]
  [ 1.98968750e+02  3.31176281e+00 -1.37737483e-01]
  [ 2.12562500e+02  8.61480331e+00  5.37302017e-01]
  [ 2.08406250e+02  8.99777508e+00  2.88812160e-01]
  [ 1.95109375e+02  2.76200318e+00  8.65508541e-02]
  [ 1.91843750e+02  5.08127308e+00 -8.02856624e-01]
  [ 1.27468750e+02  4.26724319e+01 -6.00445032e-01]]

 [[ 1.54625000e+02  3.15096703e+01 -1.77464342e+00]
  [ 1.71765625e+02  1.95334187e+01 -1.06590450e+00]
  [ 1.60531250e+02  3.29952507e+01 -6.17736936e-01]
  [ 1.95296875e+02  8.00327969e+00 -1.66139758e+00]
  [ 1.93500000e+02  9.25844193e+00 -1.45009589e+00]
  [ 1.54015625e+02  2.90384922e+01  7.50901401e-02]
  [ 1.63125000e+02  2.74906235e+01 -1.93372321e+00]
  [ 1.38937500e+02  3.78965988e+01 -1.41201186e+00]]

 [[ 1.81046875e+02  2.00650730e+01 -9.03624475e-01]
  [ 1.77234375e+02  3.60514984e+01 -5.46478331e-01]
  [ 1.51437500e+02  3.04784126e+01 -1.30646813e+00]
  [ 1.83656250e+02  1.85608959e+01 -4.00910139e-01]
  [ 1.73109375e+02  1.95928211e+01 -2.34887358e-02]
  [ 1.58718750e+02  2.41301613e+01 -5.07775426e-01]
  [ 1.57828125e+02  3.61894073e+01 -1.41866398e+00]
  [ 1.68515625e+02  1.16458044e+01 -2.12420642e-01]]

 [[ 1.84078125e+02  1.87360821e+01 -1.09840536e+00]
  [ 1.96921875e+02  8.45448208e+00  1.75096188e-02]
  [ 1.80843750e+02  8.22195721e+00  1.24166560e+00]
  [ 1.86640625e+02  7.34924984e+00 -8.41083944e-01]
  [ 1.77406250e+02  1.82291985e+01  3.40103149e-01]
  [ 1.67765625e+02  7.84168005e+00 -3.07802618e-01]
  [ 1.83640625e+02  5.44680882e+00 -1.19024538e-01]
  [ 1.69531250e+02  1.48607798e+01 -4.83112365e-01]]

 [[ 1.36296875e+02  7.46767349e+01 -5.49223244e-01]
  [ 2.05718750e+02  8.19197178e+00 -4.31068689e-01]
  [ 1.92031250e+02  7.04886675e+00  8.92077565e-01]
  [ 1.86609375e+02  1.12855234e+01  9.04230714e-01]
  [ 1.88562500e+02  1.49696302e+01 -1.54132340e-02]
  [ 1.86171875e+02  8.98358727e+00 -7.66802967e-01]
  [ 1.90546875e+02  6.61657429e+00  2.85118610e-01]
  [ 1.28562500e+02  6.15416222e+01 -7.25854278e-01]]

 [[ 9.90625000e+01  7.64766846e+01  3.84650797e-01]
  [ 2.19500000e+02  5.46866083e+00 -3.72885615e-01]
  [ 1.93625000e+02  7.85513353e+00 -2.27853552e-01]
  [ 1.82390625e+02  1.41538610e+01  5.58236316e-02]
  [ 1.66421875e+02  1.76624641e+01 -2.97715008e-01]
  [ 1.91125000e+02  1.23205872e+01 -2.60597801e+00]
  [ 1.97843750e+02  7.01609468e+00 -1.07235062e+00]
  [ 8.05312500e+01  6.20365219e+01  6.29456937e-01]]

 [[ 7.81250000e+01  6.35999451e+01  7.08790004e-01]
  [ 2.12859375e+02  1.37077389e+01 -1.73420107e+00]
  [ 1.85359375e+02  2.98749294e+01 -8.82117152e-01]
  [ 1.48906250e+02  2.89291801e+01 -1.19533531e-01]
  [ 1.48015625e+02  3.54403076e+01 -2.99621791e-01]
  [ 1.86609375e+02  2.05621147e+01 -1.76311982e+00]
  [ 1.71875000e+02  3.96533813e+01 -2.40825367e+00]
  [ 3.17187500e+01  1.91004467e+01  4.70425844e+00]]

 [[ 8.83906250e+01  7.95586700e+01  2.90201694e-01]
  [ 1.94843750e+02  1.31210928e+01 -1.41967922e-01]
  [ 2.04468750e+02  7.48951101e+00 -2.62765467e-01]
  [ 1.78812500e+02  1.54210434e+01 -9.32860255e-01]
  [ 1.72140625e+02  1.50362759e+01 -1.03033805e+00]
  [ 1.81718750e+02  1.40072174e+01 -8.04101825e-01]
  [ 1.23343750e+02  6.06427078e+01 -1.14366698e+00]
  [ 2.39843750e+01  3.24274278e+00  8.71801734e-01]]]

LBP feature values: (Shape:(256,)) 
[3.95507812e-02 5.66406250e-02 0.00000000e+00 6.54296875e-02
 0.00000000e+00 1.02539062e-02 0.00000000e+00 1.32080078e-01
 0.00000000e+00 2.92968750e-03 0.00000000e+00 4.88281250e-03
 0.00000000e+00 5.37109375e-03 0.00000000e+00 2.63916016e-01
 0.00000000e+00 9.03320312e-03 0.00000000e+00 4.39453125e-03
 0.00000000e+00 1.46484375e-03 0.00000000e+00 6.83593750e-03
 0.00000000e+00 6.83593750e-03 0.00000000e+00 2.44140625e-03
 0.00000000e+00 9.03320312e-03 0.00000000e+00 1.49414062e-01
 0.00000000e+00 0.00000000e+00 0.00000000e+00 0.00000000e+00
 0.00000000e+00 2.44140625e-04 0.00000000e+00 4.15039062e-03
 0.00000000e+00 0.00000000e+00 0.00000000e+00 2.44140625e-04
 0.00000000e+00 7.32421875e-04 0.00000000e+00 6.10351562e-03
 0.00000000e+00 0.00000000e+00 0.00000000e+00 7.32421875e-04
 0.00000000e+00 4.88281250e-04 0.00000000e+00 3.41796875e-03
 0.00000000e+00 0.00000000e+00 0.00000000e+00 4.15039062e-03
 0.00000000e+00 4.39453125e-03 0.00000000e+00 6.37207031e-02
 0.00000000e+00 0.00000000e+00 0.00000000e+00 0.00000000e+00
 0.00000000e+00 0.00000000e+00 0.00000000e+00 0.00000000e+00
 0.00000000e+00 0.00000000e+00 0.00000000e+00 0.00000000e+00
 0.00000000e+00 0.00000000e+00 0.00000000e+00 0.00000000e+00
 0.00000000e+00 0.00000000e+00 0.00000000e+00 0.00000000e+00
 0.00000000e+00 0.00000000e+00 0.00000000e+00 4.88281250e-04
 0.00000000e+00 0.00000000e+00 0.00000000e+00 2.44140625e-04
 0.00000000e+00 0.00000000e+00 0.00000000e+00 5.37109375e-03
 0.00000000e+00 0.00000000e+00 0.00000000e+00 0.00000000e+00
 0.00000000e+00 0.00000000e+00 0.00000000e+00 0.00000000e+00
 0.00000000e+00 0.00000000e+00 0.00000000e+00 0.00000000e+00
 0.00000000e+00 0.00000000e+00 0.00000000e+00 7.32421875e-03
 0.00000000e+00 0.00000000e+00 0.00000000e+00 0.00000000e+00
 0.00000000e+00 0.00000000e+00 0.00000000e+00 3.41796875e-03
 0.00000000e+00 0.00000000e+00 0.00000000e+00 0.00000000e+00
 0.00000000e+00 0.00000000e+00 0.00000000e+00 6.27441406e-02
 0.00000000e+00 0.00000000e+00 0.00000000e+00 0.00000000e+00
 0.00000000e+00 0.00000000e+00 0.00000000e+00 0.00000000e+00
 0.00000000e+00 0.00000000e+00 0.00000000e+00 0.00000000e+00
 0.00000000e+00 0.00000000e+00 0.00000000e+00 0.00000000e+00
 0.00000000e+00 0.00000000e+00 0.00000000e+00 0.00000000e+00
 0.00000000e+00 0.00000000e+00 0.00000000e+00 0.00000000e+00
 0.00000000e+00 0.00000000e+00 0.00000000e+00 0.00000000e+00
 0.00000000e+00 0.00000000e+00 0.00000000e+00 0.00000000e+00
 0.00000000e+00 0.00000000e+00 0.00000000e+00 0.00000000e+00
 0.00000000e+00 0.00000000e+00 0.00000000e+00 0.00000000e+00
 0.00000000e+00 0.00000000e+00 0.00000000e+00 0.00000000e+00
 0.00000000e+00 0.00000000e+00 0.00000000e+00 0.00000000e+00
 0.00000000e+00 0.00000000e+00 0.00000000e+00 0.00000000e+00
 0.00000000e+00 0.00000000e+00 0.00000000e+00 0.00000000e+00
 0.00000000e+00 0.00000000e+00 0.00000000e+00 0.00000000e+00
 0.00000000e+00 0.00000000e+00 0.00000000e+00 0.00000000e+00
 0.00000000e+00 0.00000000e+00 0.00000000e+00 0.00000000e+00
 0.00000000e+00 0.00000000e+00 0.00000000e+00 0.00000000e+00
 0.00000000e+00 0.00000000e+00 0.00000000e+00 0.00000000e+00
 0.00000000e+00 0.00000000e+00 0.00000000e+00 0.00000000e+00
 0.00000000e+00 0.00000000e+00 0.00000000e+00 0.00000000e+00
 0.00000000e+00 0.00000000e+00 0.00000000e+00 0.00000000e+00
 0.00000000e+00 0.00000000e+00 0.00000000e+00 0.00000000e+00
 0.00000000e+00 0.00000000e+00 0.00000000e+00 0.00000000e+00
 0.00000000e+00 0.00000000e+00 0.00000000e+00 0.00000000e+00
 0.00000000e+00 0.00000000e+00 0.00000000e+00 0.00000000e+00
 0.00000000e+00 0.00000000e+00 0.00000000e+00 0.00000000e+00
 0.00000000e+00 0.00000000e+00 0.00000000e+00 0.00000000e+00
 0.00000000e+00 0.00000000e+00 0.00000000e+00 0.00000000e+00
 0.00000000e+00 0.00000000e+00 0.00000000e+00 0.00000000e+00
 0.00000000e+00 0.00000000e+00 0.00000000e+00 0.00000000e+00
 0.00000000e+00 0.00000000e+00 0.00000000e+00 6.15234375e-02]

HOG feature values: (Shape:(1764,)) 
[0.35193221 0.10931349 0.         ... 0.01075707 0.03623153 0.02269499]

Image image-3.png :
Color moments [Mean, Standard deviation, Skewness]: (Shape:(8, 8, 3)) 
[[[ 6.62500000e+01  2.51377449e+01  1.25329494e+00]
  [ 1.74218750e+02  1.67336388e+01 -7.28082776e-01]
  [ 2.07765625e+02  9.14252090e+00 -1.95118636e-01]
  [ 2.26234375e+02  5.14095736e+00  5.82444608e-01]
  [ 2.41484375e+02  4.39101410e+00 -4.69398141e-01]
  [ 2.38421875e+02  3.33450103e+00 -3.85372639e-01]
  [ 2.34640625e+02  5.11543989e+00 -2.27203846e-01]
  [ 1.92250000e+02  3.10865726e+01 -5.98852396e-01]]

 [[ 5.81406250e+01  3.41448517e+01  6.95041001e-01]
  [ 1.43000000e+02  2.61193180e+01 -6.63402021e-01]
  [ 1.41578125e+02  3.20272331e+01  1.91459209e-01]
  [ 2.12578125e+02  2.11444473e+01 -1.47681677e+00]
  [ 1.99078125e+02  2.68510380e+01 -5.54943144e-01]
  [ 1.76343750e+02  3.13524418e+01 -4.25490171e-01]
  [ 2.09031250e+02  2.89811192e+01 -3.13616037e+00]
  [ 2.11765625e+02  1.30452833e+01 -2.97587776e+00]]

 [[ 5.20312500e+01  4.02375641e+01  8.60698462e-01]
  [ 1.28203125e+02  3.38310013e+01 -7.48607397e-01]
  [ 1.40312500e+02  2.29223385e+01 -4.12118584e-01]
  [ 2.11359375e+02  2.86723766e+01 -1.29264164e+00]
  [ 1.92828125e+02  2.09191551e+01 -6.44193947e-01]
  [ 1.95578125e+02  3.26083755e+01 -1.09694397e+00]
  [ 1.84937500e+02  3.89811134e+01 -1.33235931e+00]
  [ 2.25187500e+02  1.01440792e+01 -2.36577606e+00]]

 [[ 7.45468750e+01  3.92439995e+01 -5.32126278e-02]
  [ 1.60828125e+02  1.32294121e+01 -6.05173647e-01]
  [ 1.65328125e+02  1.93504314e+01  1.60824940e-01]
  [ 2.31546875e+02  1.34093361e+01 -1.99370193e+00]
  [ 2.21000000e+02  9.71950340e+00 -2.03389421e-01]
  [ 2.30046875e+02  6.11971617e+00 -3.21829356e-02]
  [ 2.29390625e+02  4.20794344e+00  1.95273042e-01]
  [ 2.30937500e+02  3.25900197e+00 -8.59714508e-01]]

 [[ 5.03906250e+01  2.69435844e+01  1.58917344e+00]
  [ 1.63281250e+02  1.84589653e+01 -5.20515740e-01]
  [ 1.53375000e+02  3.83851776e+01 -7.16203392e-01]
  [ 1.89578125e+02  3.26318512e+01 -1.41633534e+00]
  [ 2.09046875e+02  2.38415527e+01 -5.48803210e-01]
  [ 2.37687500e+02  4.82142019e+00  8.18439007e-01]
  [ 2.38156250e+02  4.97248268e+00 -2.49345541e-01]
  [ 2.33578125e+02  6.20937967e+00 -6.65768921e-01]]

 [[ 3.72812500e+01  8.13646984e+00  1.51001048e+00]
  [ 1.36625000e+02  2.94068985e+01 -1.28655457e+00]
  [ 1.38125000e+02  3.11003914e+01 -7.79740214e-01]
  [ 1.57000000e+02  3.76741791e+01 -3.33607137e-01]
  [ 2.04968750e+02  4.04714279e+01 -1.21980810e+00]
  [ 2.39140625e+02  1.24660378e+01 -3.03551531e+00]
  [ 2.44265625e+02  2.97511649e+00  1.97218418e-01]
  [ 2.29343750e+02  1.08328476e+01 -2.26448789e-01]]

 [[ 3.60156250e+01  2.67214918e+00 -7.93053031e-01]
  [ 8.20156250e+01  4.75241661e+01  1.19295891e-03]
  [ 1.36531250e+02  1.50986013e+01 -1.84378594e-01]
  [ 1.64328125e+02  1.31125593e+01  4.13859159e-01]
  [ 1.99234375e+02  2.09834328e+01 -1.08600211e+00]
  [ 2.24765625e+02  1.45867462e+01 -2.32649803e+00]
  [ 2.35953125e+02  8.00474453e+00 -7.15288997e-01]
  [ 2.03187500e+02  1.91587734e+01 -1.06172329e-02]]

 [[ 3.50156250e+01  2.28782225e+00  1.92197725e-01]
  [ 2.88437500e+01  1.39756699e+01  2.39488864e+00]
  [ 1.03687500e+02  3.49351501e+01 -4.95732963e-01]
  [ 1.62109375e+02  1.43582697e+01 -5.57394803e-01]
  [ 2.03296875e+02  9.32013893e+00 -8.03681970e-01]
  [ 2.11906250e+02  1.33834305e+01 -1.54300380e+00]
  [ 1.98906250e+02  1.59919109e+01  4.16927665e-01]
  [ 2.03484375e+02  2.04893208e+01 -9.89103168e-02]]]

LBP feature values: (Shape:(256,)) 
[3.61328125e-02 5.81054687e-02 0.00000000e+00 5.90820312e-02
 0.00000000e+00 9.76562500e-03 0.00000000e+00 1.43310547e-01
 0.00000000e+00 3.66210937e-03 0.00000000e+00 4.63867187e-03
 0.00000000e+00 5.12695312e-03 0.00000000e+00 2.63916016e-01
 0.00000000e+00 8.30078125e-03 0.00000000e+00 4.15039062e-03
 0.00000000e+00 9.76562500e-04 0.00000000e+00 5.85937500e-03
 0.00000000e+00 4.39453125e-03 0.00000000e+00 3.17382812e-03
 0.00000000e+00 6.10351562e-03 0.00000000e+00 1.64062500e-01
 0.00000000e+00 0.00000000e+00 0.00000000e+00 0.00000000e+00
 0.00000000e+00 2.44140625e-04 0.00000000e+00 3.90625000e-03
 0.00000000e+00 0.00000000e+00 0.00000000e+00 1.22070312e-03
 0.00000000e+00 2.44140625e-04 0.00000000e+00 5.12695312e-03
 0.00000000e+00 0.00000000e+00 0.00000000e+00 1.46484375e-03
 0.00000000e+00 9.76562500e-04 0.00000000e+00 2.92968750e-03
 0.00000000e+00 0.00000000e+00 0.00000000e+00 2.92968750e-03
 0.00000000e+00 8.05664062e-03 0.00000000e+00 5.39550781e-02
 0.00000000e+00 0.00000000e+00 0.00000000e+00 0.00000000e+00
 0.00000000e+00 0.00000000e+00 0.00000000e+00 0.00000000e+00
 0.00000000e+00 0.00000000e+00 0.00000000e+00 0.00000000e+00
 0.00000000e+00 0.00000000e+00 0.00000000e+00 0.00000000e+00
 0.00000000e+00 0.00000000e+00 0.00000000e+00 0.00000000e+00
 0.00000000e+00 2.44140625e-04 0.00000000e+00 7.32421875e-04
 0.00000000e+00 0.00000000e+00 0.00000000e+00 4.88281250e-04
 0.00000000e+00 0.00000000e+00 0.00000000e+00 6.10351562e-03
 0.00000000e+00 0.00000000e+00 0.00000000e+00 0.00000000e+00
 0.00000000e+00 0.00000000e+00 0.00000000e+00 0.00000000e+00
 0.00000000e+00 0.00000000e+00 0.00000000e+00 0.00000000e+00
 0.00000000e+00 0.00000000e+00 0.00000000e+00 3.41796875e-03
 0.00000000e+00 0.00000000e+00 0.00000000e+00 0.00000000e+00
 0.00000000e+00 0.00000000e+00 0.00000000e+00 2.68554687e-03
 0.00000000e+00 0.00000000e+00 0.00000000e+00 0.00000000e+00
 0.00000000e+00 0.00000000e+00 0.00000000e+00 6.03027344e-02
 0.00000000e+00 0.00000000e+00 0.00000000e+00 0.00000000e+00
 0.00000000e+00 0.00000000e+00 0.00000000e+00 0.00000000e+00
 0.00000000e+00 0.00000000e+00 0.00000000e+00 0.00000000e+00
 0.00000000e+00 0.00000000e+00 0.00000000e+00 0.00000000e+00
 0.00000000e+00 0.00000000e+00 0.00000000e+00 0.00000000e+00
 0.00000000e+00 0.00000000e+00 0.00000000e+00 0.00000000e+00
 0.00000000e+00 0.00000000e+00 0.00000000e+00 0.00000000e+00
 0.00000000e+00 0.00000000e+00 0.00000000e+00 0.00000000e+00
 0.00000000e+00 0.00000000e+00 0.00000000e+00 0.00000000e+00
 0.00000000e+00 0.00000000e+00 0.00000000e+00 0.00000000e+00
 0.00000000e+00 0.00000000e+00 0.00000000e+00 0.00000000e+00
 0.00000000e+00 0.00000000e+00 0.00000000e+00 0.00000000e+00
 0.00000000e+00 0.00000000e+00 0.00000000e+00 0.00000000e+00
 0.00000000e+00 0.00000000e+00 0.00000000e+00 0.00000000e+00
 0.00000000e+00 0.00000000e+00 0.00000000e+00 0.00000000e+00
 0.00000000e+00 0.00000000e+00 0.00000000e+00 0.00000000e+00
 0.00000000e+00 0.00000000e+00 0.00000000e+00 0.00000000e+00
 0.00000000e+00 0.00000000e+00 0.00000000e+00 0.00000000e+00
 0.00000000e+00 0.00000000e+00 0.00000000e+00 0.00000000e+00
 0.00000000e+00 0.00000000e+00 0.00000000e+00 0.00000000e+00
 0.00000000e+00 0.00000000e+00 0.00000000e+00 0.00000000e+00
 0.00000000e+00 0.00000000e+00 0.00000000e+00 0.00000000e+00
 0.00000000e+00 0.00000000e+00 0.00000000e+00 0.00000000e+00
 0.00000000e+00 0.00000000e+00 0.00000000e+00 0.00000000e+00
 0.00000000e+00 0.00000000e+00 0.00000000e+00 0.00000000e+00
 0.00000000e+00 0.00000000e+00 0.00000000e+00 0.00000000e+00
 0.00000000e+00 0.00000000e+00 0.00000000e+00 0.00000000e+00
 0.00000000e+00 0.00000000e+00 0.00000000e+00 0.00000000e+00
 0.00000000e+00 0.00000000e+00 0.00000000e+00 0.00000000e+00
 0.00000000e+00 0.00000000e+00 0.00000000e+00 0.00000000e+00
 0.00000000e+00 0.00000000e+00 0.00000000e+00 0.00000000e+00
 0.00000000e+00 0.00000000e+00 0.00000000e+00 6.42089844e-02]

HOG feature values: (Shape:(1764,)) 
[0.30918633 0.03205462 0.         ... 0.02265382 0.02843554 0.02468056]

Image image-4.png :
Color moments [Mean, Standard deviation, Skewness]: (Shape:(8, 8, 3)) 
[[[ 1.81125000e+02  1.95228233e+01 -1.00179172e+00]
  [ 2.17640625e+02  8.97281837e+00 -3.08140546e-01]
  [ 2.40578125e+02  5.22555208e+00 -5.08570135e-01]
  [ 2.42687500e+02  6.73116589e+00 -9.32005405e-01]
  [ 2.32218750e+02  3.08458233e+00  4.39603239e-01]
  [ 2.26453125e+02  3.68667221e+00 -8.83782282e-02]
  [ 2.11046875e+02  1.20965252e+01 -1.55658937e+00]
  [ 6.98906250e+01  3.37759705e+01  1.39058650e+00]]

 [[ 1.70062500e+02  7.85587978e+00  1.02992868e+00]
  [ 1.75687500e+02  3.22179451e+01 -2.66364765e+00]
  [ 1.60000000e+02  3.47621384e+01 -7.29397774e-01]
  [ 1.71062500e+02  2.14788227e+01  4.17223155e-01]
  [ 2.22140625e+02  1.46840334e+01 -7.32333362e-01]
  [ 1.96796875e+02  3.31828156e+01 -1.41781497e+00]
  [ 1.80296875e+02  3.18162098e+01 -9.97159600e-01]
  [ 7.94687500e+01  5.19759483e+01  1.25512338e+00]]

 [[ 1.90203125e+02  1.61430912e+01 -6.80354953e-01]
  [ 1.70859375e+02  3.90179672e+01 -8.22635174e-01]
  [ 1.76203125e+02  3.76132355e+01 -1.04194212e+00]
  [ 1.83546875e+02  2.27691746e+01 -2.68602401e-01]
  [ 2.15062500e+02  1.79407654e+01  7.38554537e-01]
  [ 1.86640625e+02  4.09555244e+01  1.98811349e-02]
  [ 1.69140625e+02  4.42612495e+01 -1.61170006e+00]
  [ 7.76406250e+01  5.42639275e+01  1.45290804e+00]]

 [[ 1.96171875e+02  1.35699053e+01 -6.02615952e-01]
  [ 2.21968750e+02  9.77715588e+00 -1.15093784e-02]
  [ 2.32093750e+02  3.63024950e+00 -3.42033952e-01]
  [ 2.07859375e+02  1.83045998e+01 -5.68477571e-01]
  [ 2.06984375e+02  1.00770350e+01 -1.23809598e-01]
  [ 2.24859375e+02  1.84609947e+01 -6.34200156e-01]
  [ 2.09640625e+02  7.86878157e+00  1.36755407e-01]
  [ 8.66875000e+01  6.48370285e+01  1.07308185e+00]]

 [[ 1.82078125e+02  1.40382347e+01 -2.51572549e-01]
  [ 2.16328125e+02  6.43732929e+00 -3.27540249e-01]
  [ 2.24484375e+02  6.32453585e+00 -6.00498393e-02]
  [ 1.98203125e+02  2.83500309e+01 -3.26662272e-01]
  [ 1.81640625e+02  2.48912430e+01 -4.75086778e-01]
  [ 1.96156250e+02  2.68945961e+01 -2.80666023e-01]
  [ 2.22125000e+02  9.09584427e+00 -4.68990296e-01]
  [ 6.83906250e+01  4.98878822e+01  1.91353297e+00]]

 [[ 1.63718750e+02  1.69534931e+01  9.58131552e-02]
  [ 2.03703125e+02  9.74628067e+00 -4.82571155e-01]
  [ 2.15406250e+02  1.32484894e+01 -2.16535330e+00]
  [ 1.94984375e+02  4.06153793e+01 -1.21961880e+00]
  [ 1.82718750e+02  3.38556061e+01 -7.59893060e-01]
  [ 2.01734375e+02  2.49726372e+01 -1.98799515e+00]
  [ 2.12671875e+02  3.45909348e+01 -3.51236105e+00]
  [ 4.52812500e+01  9.13863468e+00  3.52787876e+00]]

 [[ 1.22406250e+02  2.81939259e+01 -3.58421892e-01]
  [ 1.75968750e+02  1.62826290e+01 -3.71732444e-01]
  [ 1.95359375e+02  1.40483170e+01 -1.61108315e+00]
  [ 1.78312500e+02  2.12403469e+01 -9.91192639e-01]
  [ 1.89109375e+02  1.98904171e+01 -1.25706029e+00]
  [ 1.89765625e+02  3.50458336e+01 -7.83780038e-01]
  [ 1.53312500e+02  7.79057693e+01 -6.05636775e-01]
  [ 4.15156250e+01  3.60118127e+00  5.07990301e-01]]

 [[ 9.59531250e+01  1.58562193e+01  5.73652446e-01]
  [ 1.14328125e+02  2.68241100e+01  1.67514026e-01]
  [ 1.56390625e+02  2.09229374e+01 -7.39388287e-01]
  [ 1.87000000e+02  1.15636826e+01 -8.78337204e-01]
  [ 2.04843750e+02  8.17239761e+00  8.11106086e-01]
  [ 2.03421875e+02  3.94389572e+01 -3.05936027e+00]
  [ 5.59218750e+01  4.95906105e+01  2.17074084e+00]
  [ 3.79843750e+01  3.07963157e+00  1.46860788e-02]]]

LBP feature values: (Shape:(256,)) 
[3.17382812e-02 6.59179687e-02 0.00000000e+00 5.83496094e-02
 0.00000000e+00 7.56835937e-03 0.00000000e+00 1.39892578e-01
 0.00000000e+00 1.22070312e-03 0.00000000e+00 5.85937500e-03
 0.00000000e+00 5.37109375e-03 0.00000000e+00 2.54882812e-01
 0.00000000e+00 1.14746094e-02 0.00000000e+00 4.15039062e-03
 0.00000000e+00 9.76562500e-04 0.00000000e+00 6.34765625e-03
 0.00000000e+00 3.66210937e-03 0.00000000e+00 4.39453125e-03
 0.00000000e+00 7.08007812e-03 0.00000000e+00 1.65527344e-01
 0.00000000e+00 0.00000000e+00 0.00000000e+00 0.00000000e+00
 0.00000000e+00 0.00000000e+00 0.00000000e+00 5.37109375e-03
 0.00000000e+00 0.00000000e+00 0.00000000e+00 2.44140625e-04
 0.00000000e+00 4.88281250e-04 0.00000000e+00 6.34765625e-03
 0.00000000e+00 0.00000000e+00 0.00000000e+00 1.46484375e-03
 0.00000000e+00 0.00000000e+00 0.00000000e+00 2.44140625e-03
 0.00000000e+00 0.00000000e+00 0.00000000e+00 3.90625000e-03
 0.00000000e+00 3.90625000e-03 0.00000000e+00 6.56738281e-02
 0.00000000e+00 0.00000000e+00 0.00000000e+00 0.00000000e+00
 0.00000000e+00 0.00000000e+00 0.00000000e+00 0.00000000e+00
 0.00000000e+00 0.00000000e+00 0.00000000e+00 0.00000000e+00
 0.00000000e+00 0.00000000e+00 0.00000000e+00 0.00000000e+00
 0.00000000e+00 0.00000000e+00 0.00000000e+00 0.00000000e+00
 0.00000000e+00 0.00000000e+00 0.00000000e+00 9.76562500e-04
 0.00000000e+00 0.00000000e+00 0.00000000e+00 0.00000000e+00
 0.00000000e+00 0.00000000e+00 0.00000000e+00 5.61523437e-03
 0.00000000e+00 0.00000000e+00 0.00000000e+00 0.00000000e+00
 0.00000000e+00 0.00000000e+00 0.00000000e+00 0.00000000e+00
 0.00000000e+00 0.00000000e+00 0.00000000e+00 0.00000000e+00
 0.00000000e+00 0.00000000e+00 0.00000000e+00 4.15039062e-03
 0.00000000e+00 0.00000000e+00 0.00000000e+00 0.00000000e+00
 0.00000000e+00 0.00000000e+00 0.00000000e+00 3.66210937e-03
 0.00000000e+00 0.00000000e+00 0.00000000e+00 0.00000000e+00
 0.00000000e+00 0.00000000e+00 0.00000000e+00 5.81054687e-02
 0.00000000e+00 0.00000000e+00 0.00000000e+00 0.00000000e+00
 0.00000000e+00 0.00000000e+00 0.00000000e+00 0.00000000e+00
 0.00000000e+00 0.00000000e+00 0.00000000e+00 0.00000000e+00
 0.00000000e+00 0.00000000e+00 0.00000000e+00 0.00000000e+00
 0.00000000e+00 0.00000000e+00 0.00000000e+00 0.00000000e+00
 0.00000000e+00 0.00000000e+00 0.00000000e+00 0.00000000e+00
 0.00000000e+00 0.00000000e+00 0.00000000e+00 0.00000000e+00
 0.00000000e+00 0.00000000e+00 0.00000000e+00 0.00000000e+00
 0.00000000e+00 0.00000000e+00 0.00000000e+00 0.00000000e+00
 0.00000000e+00 0.00000000e+00 0.00000000e+00 0.00000000e+00
 0.00000000e+00 0.00000000e+00 0.00000000e+00 0.00000000e+00
 0.00000000e+00 0.00000000e+00 0.00000000e+00 0.00000000e+00
 0.00000000e+00 0.00000000e+00 0.00000000e+00 0.00000000e+00
 0.00000000e+00 0.00000000e+00 0.00000000e+00 0.00000000e+00
 0.00000000e+00 0.00000000e+00 0.00000000e+00 0.00000000e+00
 0.00000000e+00 0.00000000e+00 0.00000000e+00 0.00000000e+00
 0.00000000e+00 0.00000000e+00 0.00000000e+00 0.00000000e+00
 0.00000000e+00 0.00000000e+00 0.00000000e+00 0.00000000e+00
 0.00000000e+00 0.00000000e+00 0.00000000e+00 0.00000000e+00
 0.00000000e+00 0.00000000e+00 0.00000000e+00 0.00000000e+00
 0.00000000e+00 0.00000000e+00 0.00000000e+00 0.00000000e+00
 0.00000000e+00 0.00000000e+00 0.00000000e+00 0.00000000e+00
 0.00000000e+00 0.00000000e+00 0.00000000e+00 0.00000000e+00
 0.00000000e+00 0.00000000e+00 0.00000000e+00 0.00000000e+00
 0.00000000e+00 0.00000000e+00 0.00000000e+00 0.00000000e+00
 0.00000000e+00 0.00000000e+00 0.00000000e+00 0.00000000e+00
 0.00000000e+00 0.00000000e+00 0.00000000e+00 0.00000000e+00
 0.00000000e+00 0.00000000e+00 0.00000000e+00 0.00000000e+00
 0.00000000e+00 0.00000000e+00 0.00000000e+00 0.00000000e+00
 0.00000000e+00 0.00000000e+00 0.00000000e+00 0.00000000e+00
 0.00000000e+00 0.00000000e+00 0.00000000e+00 0.00000000e+00
 0.00000000e+00 0.00000000e+00 0.00000000e+00 6.32324219e-02]

HOG feature values: (Shape:(1764,)) 
[0.33140033 0.19541733 0.         ... 0.01072676 0.01198162 0.00367095]

Image image-5.png :
Color moments [Mean, Standard deviation, Skewness]: (Shape:(8, 8, 3)) 
[[[ 1.63703125e+02  4.27448702e+00 -7.51811743e-01]
  [ 1.87156250e+02  9.38452625e+00 -9.37762409e-02]
  [ 2.01906250e+02  4.18598366e+00  8.76500383e-02]
  [ 2.06546875e+02  4.53779173e+00 -4.33696628e-01]
  [ 2.17125000e+02  3.80583429e+00 -6.64326608e-01]
  [ 2.14875000e+02  2.52796865e+00 -4.45384085e-01]
  [ 2.10953125e+02  5.16426945e+00  7.11352080e-02]
  [ 1.69906250e+02  2.95062065e+01 -4.50656593e-01]]

 [[ 1.63781250e+02  1.08993530e+01  3.22952032e-01]
  [ 1.80062500e+02  2.75708599e+01 -6.43842459e-01]
  [ 1.88875000e+02  2.85774708e+01 -1.92389977e+00]
  [ 2.10937500e+02  5.55898762e+00 -2.42230892e-01]
  [ 1.80703125e+02  2.63294506e+01 -5.61762214e-01]
  [ 1.61031250e+02  3.13951473e+01 -7.73067176e-01]
  [ 1.92859375e+02  2.14241886e+01 -2.84083962e+00]
  [ 1.90234375e+02  1.46167088e+01 -3.12198472e+00]]

 [[ 9.09531250e+01  5.58310585e+01  8.30407560e-01]
  [ 1.77578125e+02  3.54294167e+01 -5.63888311e-01]
  [ 1.49796875e+02  2.60775146e+01 -7.12510347e-01]
  [ 1.95937500e+02  1.18504677e+01  1.58307776e-01]
  [ 1.68046875e+02  2.14224091e+01 -3.57112586e-01]
  [ 1.71453125e+02  3.16074181e+01 -1.03644586e+00]
  [ 1.68687500e+02  3.11347256e+01 -1.06218565e+00]
  [ 2.03421875e+02  6.98839378e+00 -1.50902700e+00]]

 [[ 6.19687500e+01  6.63308411e+01  1.02605271e+00]
  [ 1.93828125e+02  6.85691881e+00 -1.04051161e+00]
  [ 1.90031250e+02  1.18373995e+01  8.02031040e-01]
  [ 2.09109375e+02  7.69561005e+00 -5.82373142e-01]
  [ 1.96218750e+02  8.55765152e+00 -1.89893514e-01]
  [ 2.06906250e+02  6.26926708e+00  3.25271815e-01]
  [ 2.05390625e+02  4.62539577e+00 -1.98853001e-01]
  [ 2.07593750e+02  2.99853468e+00 -6.35418236e-01]]

 [[ 5.88593750e+01  3.12109089e+01  3.36653280e+00]
  [ 2.11218750e+02  7.78915262e+00 -4.07370955e-01]
  [ 1.95093750e+02  2.25053596e+01 -6.75751388e-01]
  [ 1.96437500e+02  1.63495750e+01 -9.48755980e-01]
  [ 1.91656250e+02  1.94656906e+01 -3.37160587e-01]
  [ 2.10984375e+02  4.84281731e+00  4.24729884e-01]
  [ 2.13203125e+02  5.46345711e+00 -3.96052033e-01]
  [ 2.10468750e+02  5.85760403e+00 -5.05532444e-01]]

 [[ 5.02031250e+01  4.27996683e+00 -2.63667631e+00]
  [ 1.89406250e+02  5.73412781e+01 -1.87454796e+00]
  [ 1.90156250e+02  2.75018291e+01 -9.39117491e-01]
  [ 1.71328125e+02  2.88178844e+01 -9.95874465e-01]
  [ 1.94671875e+02  3.01309929e+01 -1.88340616e+00]
  [ 2.18375000e+02  6.92030525e+00 -2.05374765e+00]
  [ 2.19484375e+02  2.42378950e+00  1.50744498e-01]
  [ 2.06328125e+02  8.85659122e+00 -3.14093560e-01]]

 [[ 5.10937500e+01  2.10445023e+00  2.78685689e-01]
  [ 1.28234375e+02  8.32814789e+01  8.99123475e-02]
  [ 2.08078125e+02  2.49075184e+01 -1.29513478e+00]
  [ 1.85890625e+02  2.41622887e+01 -6.33251369e-01]
  [ 1.81906250e+02  2.84680290e+01 -1.08627892e+00]
  [ 2.03750000e+02  1.38202753e+01 -2.02470112e+00]
  [ 2.12687500e+02  7.58467817e+00 -6.71386957e-01]
  [ 1.83890625e+02  1.55101957e+01  1.71817765e-02]]

 [[ 5.03593750e+01  2.27326298e+00 -3.43878120e-01]
  [ 4.82968750e+01  2.03759041e+01  5.63752031e+00]
  [ 1.72406250e+02  6.75524597e+01 -1.21287715e+00]
  [ 2.01468750e+02  1.44719219e+01 -5.67472577e-02]
  [ 1.86343750e+02  6.77130604e+00  9.93421674e-01]
  [ 1.89828125e+02  1.05705290e+01 -1.13412154e+00]
  [ 1.79937500e+02  1.32722397e+01  1.77425668e-01]
  [ 1.82593750e+02  1.43055048e+01  4.05692697e-01]]]

LBP feature values: (Shape:(256,)) 
[0.0480957  0.07641602 0.         0.06030273 0.         0.01000977
 0.         0.11816406 0.         0.00244141 0.         0.00317383
 0.         0.00537109 0.         0.21069336 0.         0.01660156
 0.         0.00537109 0.         0.00195312 0.         0.00830078
 0.         0.00610352 0.         0.00415039 0.         0.00976562
 0.         0.15063477 0.         0.         0.         0.
 0.         0.00048828 0.         0.00488281 0.         0.
 0.         0.00097656 0.         0.         0.         0.00512695
 0.         0.         0.         0.00146484 0.         0.00097656
 0.         0.00341797 0.         0.         0.         0.00463867
 0.         0.0065918  0.         0.07373047 0.         0.
 0.         0.         0.         0.         0.         0.
 0.         0.         0.         0.         0.         0.
 0.         0.         0.         0.         0.         0.
 0.         0.         0.         0.00268555 0.         0.
 0.         0.00024414 0.         0.         0.         0.00610352
 0.         0.         0.         0.         0.         0.
 0.         0.         0.         0.         0.         0.
 0.         0.         0.         0.00317383 0.         0.
 0.         0.         0.         0.         0.         0.00341797
 0.         0.         0.         0.         0.         0.
 0.         0.06811523 0.         0.         0.         0.
 0.         0.         0.         0.         0.         0.
 0.         0.         0.         0.         0.         0.
 0.         0.         0.         0.         0.         0.
 0.         0.         0.         0.         0.         0.
 0.         0.         0.         0.         0.         0.
 0.         0.         0.         0.         0.         0.
 0.         0.         0.         0.         0.         0.
 0.         0.         0.         0.         0.         0.
 0.         0.         0.         0.         0.         0.
 0.         0.         0.         0.         0.         0.
 0.         0.         0.         0.         0.         0.
 0.         0.         0.         0.         0.         0.
 0.         0.         0.         0.         0.         0.
 0.         0.         0.         0.         0.         0.
 0.         0.         0.         0.         0.         0.
 0.         0.         0.         0.         0.         0.
 0.         0.         0.         0.         0.         0.
 0.         0.         0.         0.         0.         0.
 0.         0.         0.         0.         0.         0.
 0.         0.         0.         0.         0.         0.
 0.         0.         0.         0.07641602]

HOG feature values: (Shape:(1764,)) 
[0.05980716 0.06396697 0.00365782 ... 0.04518438 0.01061546 0.01199059]

Image image-6.png :
Color moments [Mean, Standard deviation, Skewness]: (Shape:(8, 8, 3)) 
[[[ 1.32703125e+02  4.09277878e+01 -4.14090306e-02]
  [ 1.79203125e+02  1.36532726e+01 -1.00959635e+00]
  [ 1.87921875e+02  1.76452045e+01 -1.02670455e+00]
  [ 2.16718750e+02  1.19640980e+01 -1.47005093e+00]
  [ 2.15265625e+02  9.84924221e+00 -1.66138160e+00]
  [ 1.96187500e+02  2.50754337e+01 -9.55534756e-01]
  [ 2.04453125e+02  1.22817574e+01 -5.39867938e-01]
  [ 1.40468750e+02  4.25932693e+01 -3.65078509e-01]]

 [[ 1.43187500e+02  4.33758545e+01 -4.94701505e-01]
  [ 1.83906250e+02  3.68928833e+01 -1.60304344e+00]
  [ 1.61515625e+02  3.17357216e+01 -7.27554381e-01]
  [ 2.03718750e+02  1.56299677e+01 -7.31619835e-01]
  [ 2.05953125e+02  1.56059179e+01 -6.69915438e-01]
  [ 1.59312500e+02  2.65181980e+01 -3.44374239e-01]
  [ 1.78968750e+02  2.87510700e+01 -2.21959424e+00]
  [ 1.41921875e+02  4.06772003e+01 -6.46503806e-01]]

 [[ 1.64234375e+02  4.75840492e+01 -1.15929544e+00]
  [ 1.68000000e+02  3.59148293e+01 -1.04780388e+00]
  [ 1.59218750e+02  3.11495724e+01 -1.29546356e+00]
  [ 1.83718750e+02  1.53729353e+01 -1.16415393e+00]
  [ 2.02453125e+02  3.06955452e+01 -5.64520180e-01]
  [ 1.66078125e+02  2.63624401e+01 -1.01370955e+00]
  [ 1.55578125e+02  4.12021713e+01 -1.08806026e+00]
  [ 1.64203125e+02  4.25173416e+01 -1.40702772e+00]]

 [[ 1.86343750e+02  1.60158310e+01 -2.58551121e+00]
  [ 1.93375000e+02  4.22603559e+00 -3.60066444e-01]
  [ 1.98046875e+02  1.06923304e+01  2.76017845e-01]
  [ 2.05343750e+02  2.51248245e+01 -9.93686676e-01]
  [ 2.10015625e+02  1.45317450e+01  9.72347617e-01]
  [ 2.09375000e+02  7.47391319e+00 -7.50217855e-01]
  [ 2.07171875e+02  4.48453856e+00  2.78756589e-01]
  [ 1.90437500e+02  2.01919498e+01 -1.98822904e+00]]

 [[ 2.00078125e+02  1.44344473e+01 -4.29651469e-01]
  [ 2.10687500e+02  6.88720512e+00 -2.03657329e-01]
  [ 1.98734375e+02  1.59982824e+01 -9.51243818e-01]
  [ 1.87515625e+02  2.70063591e+01 -2.11105323e+00]
  [ 1.74328125e+02  2.73941441e+01 -1.78254640e+00]
  [ 2.17171875e+02  1.28592796e+01 -1.82911408e+00]
  [ 2.12781250e+02  6.23365068e+00 -1.59151450e-01]
  [ 1.90156250e+02  1.41379576e+01 -4.79272336e-01]]

 [[ 2.04062500e+02  1.69695263e+01 -1.85370684e-01]
  [ 2.19687500e+02  7.57849550e+00 -7.85450816e-01]
  [ 1.99593750e+02  1.97790279e+01 -1.62657309e+00]
  [ 1.61437500e+02  2.94055023e+01 -9.03122306e-01]
  [ 1.83453125e+02  3.32950478e+01 -8.71243238e-01]
  [ 2.19875000e+02  5.45005751e+00 -3.81929219e-01]
  [ 2.20453125e+02  5.21994257e+00 -6.28980517e-01]
  [ 1.85250000e+02  1.66808281e+01  2.12992877e-02]]

 [[ 1.53015625e+02  8.04154205e+01 -7.12766826e-01]
  [ 2.25734375e+02  9.16215420e+00 -1.35753357e+00]
  [ 1.93546875e+02  3.06364384e+01 -7.80517876e-01]
  [ 1.85781250e+02  2.00378304e+01 -8.76007378e-01]
  [ 1.77984375e+02  3.13739967e+01 -1.20855045e+00]
  [ 2.00328125e+02  2.49268017e+01 -1.64066911e+00]
  [ 2.14031250e+02  7.47907257e+00 -9.89057064e-01]
  [ 1.35593750e+02  6.44075699e+01 -7.58544683e-01]]

 [[ 7.93750000e+01  7.25746384e+01  9.44456041e-01]
  [ 2.26046875e+02  1.33527031e+01 -1.29087782e+00]
  [ 2.15312500e+02  1.18372755e+01 -5.06333709e-01]
  [ 1.88578125e+02  7.76974249e+00  1.40055740e+00]
  [ 1.95250000e+02  8.32916546e+00 -4.11286764e-02]
  [ 2.08250000e+02  6.00780725e+00 -6.53802931e-01]
  [ 1.90640625e+02  1.70773678e+01 -7.04850078e-01]
  [ 9.23593750e+01  6.18724403e+01  2.18701176e-02]]]

LBP feature values: (Shape:(256,)) 
[3.61328125e-02 6.07910156e-02 0.00000000e+00 5.95703125e-02
 0.00000000e+00 6.10351562e-03 0.00000000e+00 1.39892578e-01
 0.00000000e+00 1.46484375e-03 0.00000000e+00 4.15039062e-03
 0.00000000e+00 4.88281250e-03 0.00000000e+00 2.78564453e-01
 0.00000000e+00 6.10351562e-03 0.00000000e+00 4.88281250e-03
 0.00000000e+00 9.76562500e-04 0.00000000e+00 6.83593750e-03
 0.00000000e+00 4.63867187e-03 0.00000000e+00 2.68554687e-03
 0.00000000e+00 7.56835937e-03 0.00000000e+00 1.64550781e-01
 0.00000000e+00 0.00000000e+00 0.00000000e+00 0.00000000e+00
 0.00000000e+00 2.44140625e-04 0.00000000e+00 2.68554687e-03
 0.00000000e+00 0.00000000e+00 0.00000000e+00 7.32421875e-04
 0.00000000e+00 0.00000000e+00 0.00000000e+00 5.61523437e-03
 0.00000000e+00 0.00000000e+00 0.00000000e+00 1.70898437e-03
 0.00000000e+00 2.44140625e-04 0.00000000e+00 4.15039062e-03
 0.00000000e+00 0.00000000e+00 0.00000000e+00 3.41796875e-03
 0.00000000e+00 6.10351562e-03 0.00000000e+00 6.22558594e-02
 0.00000000e+00 0.00000000e+00 0.00000000e+00 0.00000000e+00
 0.00000000e+00 0.00000000e+00 0.00000000e+00 0.00000000e+00
 0.00000000e+00 0.00000000e+00 0.00000000e+00 0.00000000e+00
 0.00000000e+00 0.00000000e+00 0.00000000e+00 0.00000000e+00
 0.00000000e+00 0.00000000e+00 0.00000000e+00 0.00000000e+00
 0.00000000e+00 0.00000000e+00 0.00000000e+00 4.88281250e-04
 0.00000000e+00 0.00000000e+00 0.00000000e+00 0.00000000e+00
 0.00000000e+00 0.00000000e+00 0.00000000e+00 4.63867187e-03
 0.00000000e+00 0.00000000e+00 0.00000000e+00 0.00000000e+00
 0.00000000e+00 0.00000000e+00 0.00000000e+00 0.00000000e+00
 0.00000000e+00 0.00000000e+00 0.00000000e+00 0.00000000e+00
 0.00000000e+00 0.00000000e+00 0.00000000e+00 4.88281250e-03
 0.00000000e+00 0.00000000e+00 0.00000000e+00 0.00000000e+00
 0.00000000e+00 0.00000000e+00 0.00000000e+00 2.92968750e-03
 0.00000000e+00 0.00000000e+00 0.00000000e+00 0.00000000e+00
 0.00000000e+00 0.00000000e+00 0.00000000e+00 5.78613281e-02
 0.00000000e+00 0.00000000e+00 0.00000000e+00 0.00000000e+00
 0.00000000e+00 0.00000000e+00 0.00000000e+00 0.00000000e+00
 0.00000000e+00 0.00000000e+00 0.00000000e+00 0.00000000e+00
 0.00000000e+00 0.00000000e+00 0.00000000e+00 0.00000000e+00
 0.00000000e+00 0.00000000e+00 0.00000000e+00 0.00000000e+00
 0.00000000e+00 0.00000000e+00 0.00000000e+00 0.00000000e+00
 0.00000000e+00 0.00000000e+00 0.00000000e+00 0.00000000e+00
 0.00000000e+00 0.00000000e+00 0.00000000e+00 0.00000000e+00
 0.00000000e+00 0.00000000e+00 0.00000000e+00 0.00000000e+00
 0.00000000e+00 0.00000000e+00 0.00000000e+00 0.00000000e+00
 0.00000000e+00 0.00000000e+00 0.00000000e+00 0.00000000e+00
 0.00000000e+00 0.00000000e+00 0.00000000e+00 0.00000000e+00
 0.00000000e+00 0.00000000e+00 0.00000000e+00 0.00000000e+00
 0.00000000e+00 0.00000000e+00 0.00000000e+00 0.00000000e+00
 0.00000000e+00 0.00000000e+00 0.00000000e+00 0.00000000e+00
 0.00000000e+00 0.00000000e+00 0.00000000e+00 0.00000000e+00
 0.00000000e+00 0.00000000e+00 0.00000000e+00 0.00000000e+00
 0.00000000e+00 0.00000000e+00 0.00000000e+00 0.00000000e+00
 0.00000000e+00 0.00000000e+00 0.00000000e+00 0.00000000e+00
 0.00000000e+00 0.00000000e+00 0.00000000e+00 0.00000000e+00
 0.00000000e+00 0.00000000e+00 0.00000000e+00 0.00000000e+00
 0.00000000e+00 0.00000000e+00 0.00000000e+00 0.00000000e+00
 0.00000000e+00 0.00000000e+00 0.00000000e+00 0.00000000e+00
 0.00000000e+00 0.00000000e+00 0.00000000e+00 0.00000000e+00
 0.00000000e+00 0.00000000e+00 0.00000000e+00 0.00000000e+00
 0.00000000e+00 0.00000000e+00 0.00000000e+00 0.00000000e+00
 0.00000000e+00 0.00000000e+00 0.00000000e+00 0.00000000e+00
 0.00000000e+00 0.00000000e+00 0.00000000e+00 0.00000000e+00
 0.00000000e+00 0.00000000e+00 0.00000000e+00 0.00000000e+00
 0.00000000e+00 0.00000000e+00 0.00000000e+00 0.00000000e+00
 0.00000000e+00 0.00000000e+00 0.00000000e+00 0.00000000e+00
 0.00000000e+00 0.00000000e+00 0.00000000e+00 5.22460937e-02]

HOG feature values: (Shape:(1764,)) 
[0.32603459 0.32603459 0.08076434 ... 0.00240982 0.02097444 0.38397163]

Image image-7.png :
Color moments [Mean, Standard deviation, Skewness]: (Shape:(8, 8, 3)) 
[[[ 8.52187500e+01  5.22360840e+01 -2.17119947e-01]
  [ 1.87046875e+02  1.60443039e+01 -2.27777019e-01]
  [ 2.13812500e+02  6.59515667e+00 -1.27440691e-01]
  [ 2.41359375e+02  8.21843815e+00 -8.92143965e-01]
  [ 2.37125000e+02  7.61679888e+00  1.43257841e-01]
  [ 2.22984375e+02  4.15892172e+00 -1.12799013e+00]
  [ 2.18796875e+02  6.99370193e+00 -9.74334002e-01]
  [ 1.34875000e+02  4.82073975e+01  2.52964739e-02]]

 [[ 8.11875000e+01  4.37328110e+01 -7.13276207e-01]
  [ 1.50312500e+02  2.51836224e+01 -1.51405156e+00]
  [ 1.39390625e+02  2.86904907e+01 -6.25905097e-01]
  [ 1.77609375e+02  3.26647835e+01 -1.67025536e-01]
  [ 2.20296875e+02  6.14837313e+00 -1.43287271e-01]
  [ 1.74078125e+02  2.80436630e+01 -7.88981438e-01]
  [ 1.89218750e+02  2.89036484e+01 -2.16638470e+00]
  [ 1.27671875e+02  5.87763367e+01 -3.89637768e-01]]

 [[ 1.22171875e+02  3.16985588e+01 -1.27661145e+00]
  [ 1.34203125e+02  3.33289337e+01 -6.92422211e-01]
  [ 1.59218750e+02  3.54755516e+01 -1.24322534e+00]
  [ 1.63515625e+02  1.87249756e+01  1.28467232e-01]
  [ 2.11812500e+02  2.65747032e+01 -7.03473687e-01]
  [ 1.72406250e+02  2.66380367e+01 -3.75050545e-01]
  [ 1.65515625e+02  4.36645546e+01 -1.28415453e+00]
  [ 1.69625000e+02  4.60493965e+01 -1.28013086e+00]]

 [[ 1.31484375e+02  2.81585865e+01 -3.98037940e-01]
  [ 1.80062500e+02  1.06329012e+01  3.42785455e-02]
  [ 1.92359375e+02  5.81583834e+00 -2.40975812e-01]
  [ 1.74515625e+02  1.23364201e+01  1.56270098e-02]
  [ 2.23171875e+02  1.07653303e+01 -2.13002801e-01]
  [ 2.02937500e+02  1.11269312e+01  4.82460409e-02]
  [ 2.09765625e+02  6.40981245e+00 -9.64093685e-01]
  [ 1.91937500e+02  2.96236153e+01 -1.33729005e+00]]

 [[ 1.17828125e+02  2.95473938e+01  1.82438139e-02]
  [ 1.84390625e+02  9.09088993e+00 -5.94277203e-01]
  [ 1.97828125e+02  1.64188862e+01 -2.01157451e+00]
  [ 1.47312500e+02  2.93155651e+01 -1.18179850e-01]
  [ 2.01203125e+02  3.06370792e+01 -6.70632541e-01]
  [ 2.19078125e+02  1.52328844e+01 -1.80697525e+00]
  [ 2.24296875e+02  5.97306395e+00  6.50877357e-02]
  [ 1.95796875e+02  2.22065430e+01 -1.19058657e+00]]

 [[ 8.12031250e+01  5.02565842e+01 -2.99634755e-01]
  [ 1.74687500e+02  1.33906155e+01 -1.48876920e-01]
  [ 1.95109375e+02  1.15962238e+01  1.09569319e-01]
  [ 1.79375000e+02  1.20616903e+01 -5.70227981e-01]
  [ 2.01390625e+02  9.64627075e+00 -2.77410261e-02]
  [ 2.31000000e+02  9.61444187e+00 -1.02354050e+00]
  [ 2.32343750e+02  6.25304604e+00 -7.96737790e-01]
  [ 1.22750000e+02  7.80964966e+01 -1.31506741e-01]]

 [[ 4.30312500e+01  4.06009407e+01  7.73244619e-01]
  [ 1.48796875e+02  1.65304451e+01 -8.56713116e-01]
  [ 1.52171875e+02  2.59576302e+01 -8.72063458e-01]
  [ 1.32640625e+02  2.88115463e+01 -2.55117327e-01]
  [ 1.53984375e+02  3.12147236e+01 -3.13883238e-02]
  [ 2.07296875e+02  3.12218266e+01 -1.39841974e+00]
  [ 2.18609375e+02  1.77523041e+01 -2.93885255e+00]
  [ 5.17812500e+01  5.63824730e+01  1.84765637e+00]]

 [[ 3.64687500e+01  3.04938354e+01  6.17867172e-01]
  [ 9.38281250e+01  3.51325874e+01 -3.13893259e-02]
  [ 1.48125000e+02  1.18288574e+01 -3.38290602e-01]
  [ 1.67031250e+02  1.04357691e+01 -8.67752671e-01]
  [ 2.01937500e+02  1.44923201e+01 -1.90334946e-01]
  [ 2.20687500e+02  9.68548393e+00 -1.22662902e+00]
  [ 1.57578125e+02  6.24431725e+01 -1.26467276e+00]
  [ 2.26875000e+01  3.14182973e+00  4.85789001e-01]]]

LBP feature values: (Shape:(256,)) 
[2.66113281e-02 5.05371094e-02 0.00000000e+00 4.98046875e-02
 0.00000000e+00 7.08007812e-03 0.00000000e+00 1.49169922e-01
 0.00000000e+00 2.92968750e-03 0.00000000e+00 5.85937500e-03
 0.00000000e+00 3.90625000e-03 0.00000000e+00 3.27636719e-01
 0.00000000e+00 7.56835937e-03 0.00000000e+00 2.44140625e-03
 0.00000000e+00 1.22070312e-03 0.00000000e+00 6.59179687e-03
 0.00000000e+00 3.17382812e-03 0.00000000e+00 3.66210937e-03
 0.00000000e+00 6.10351562e-03 0.00000000e+00 1.65527344e-01
 0.00000000e+00 0.00000000e+00 0.00000000e+00 0.00000000e+00
 0.00000000e+00 4.88281250e-04 0.00000000e+00 3.66210937e-03
 0.00000000e+00 0.00000000e+00 0.00000000e+00 2.44140625e-04
 0.00000000e+00 0.00000000e+00 0.00000000e+00 5.85937500e-03
 0.00000000e+00 0.00000000e+00 0.00000000e+00 7.32421875e-04
 0.00000000e+00 0.00000000e+00 0.00000000e+00 2.92968750e-03
 0.00000000e+00 0.00000000e+00 0.00000000e+00 9.76562500e-04
 0.00000000e+00 3.66210937e-03 0.00000000e+00 5.83496094e-02
 0.00000000e+00 0.00000000e+00 0.00000000e+00 0.00000000e+00
 0.00000000e+00 0.00000000e+00 0.00000000e+00 0.00000000e+00
 0.00000000e+00 0.00000000e+00 0.00000000e+00 0.00000000e+00
 0.00000000e+00 0.00000000e+00 0.00000000e+00 0.00000000e+00
 0.00000000e+00 0.00000000e+00 0.00000000e+00 0.00000000e+00
 0.00000000e+00 0.00000000e+00 0.00000000e+00 7.32421875e-04
 0.00000000e+00 0.00000000e+00 0.00000000e+00 0.00000000e+00
 0.00000000e+00 0.00000000e+00 0.00000000e+00 3.66210937e-03
 0.00000000e+00 0.00000000e+00 0.00000000e+00 0.00000000e+00
 0.00000000e+00 0.00000000e+00 0.00000000e+00 0.00000000e+00
 0.00000000e+00 0.00000000e+00 0.00000000e+00 0.00000000e+00
 0.00000000e+00 0.00000000e+00 0.00000000e+00 4.39453125e-03
 0.00000000e+00 0.00000000e+00 0.00000000e+00 0.00000000e+00
 0.00000000e+00 0.00000000e+00 0.00000000e+00 2.19726562e-03
 0.00000000e+00 0.00000000e+00 0.00000000e+00 0.00000000e+00
 0.00000000e+00 0.00000000e+00 0.00000000e+00 4.95605469e-02
 0.00000000e+00 0.00000000e+00 0.00000000e+00 0.00000000e+00
 0.00000000e+00 0.00000000e+00 0.00000000e+00 0.00000000e+00
 0.00000000e+00 0.00000000e+00 0.00000000e+00 0.00000000e+00
 0.00000000e+00 0.00000000e+00 0.00000000e+00 0.00000000e+00
 0.00000000e+00 0.00000000e+00 0.00000000e+00 0.00000000e+00
 0.00000000e+00 0.00000000e+00 0.00000000e+00 0.00000000e+00
 0.00000000e+00 0.00000000e+00 0.00000000e+00 0.00000000e+00
 0.00000000e+00 0.00000000e+00 0.00000000e+00 0.00000000e+00
 0.00000000e+00 0.00000000e+00 0.00000000e+00 0.00000000e+00
 0.00000000e+00 0.00000000e+00 0.00000000e+00 0.00000000e+00
 0.00000000e+00 0.00000000e+00 0.00000000e+00 0.00000000e+00
 0.00000000e+00 0.00000000e+00 0.00000000e+00 0.00000000e+00
 0.00000000e+00 0.00000000e+00 0.00000000e+00 0.00000000e+00
 0.00000000e+00 0.00000000e+00 0.00000000e+00 0.00000000e+00
 0.00000000e+00 0.00000000e+00 0.00000000e+00 0.00000000e+00
 0.00000000e+00 0.00000000e+00 0.00000000e+00 0.00000000e+00
 0.00000000e+00 0.00000000e+00 0.00000000e+00 0.00000000e+00
 0.00000000e+00 0.00000000e+00 0.00000000e+00 0.00000000e+00
 0.00000000e+00 0.00000000e+00 0.00000000e+00 0.00000000e+00
 0.00000000e+00 0.00000000e+00 0.00000000e+00 0.00000000e+00
 0.00000000e+00 0.00000000e+00 0.00000000e+00 0.00000000e+00
 0.00000000e+00 0.00000000e+00 0.00000000e+00 0.00000000e+00
 0.00000000e+00 0.00000000e+00 0.00000000e+00 0.00000000e+00
 0.00000000e+00 0.00000000e+00 0.00000000e+00 0.00000000e+00
 0.00000000e+00 0.00000000e+00 0.00000000e+00 0.00000000e+00
 0.00000000e+00 0.00000000e+00 0.00000000e+00 0.00000000e+00
 0.00000000e+00 0.00000000e+00 0.00000000e+00 0.00000000e+00
 0.00000000e+00 0.00000000e+00 0.00000000e+00 0.00000000e+00
 0.00000000e+00 0.00000000e+00 0.00000000e+00 0.00000000e+00
 0.00000000e+00 0.00000000e+00 0.00000000e+00 0.00000000e+00
 0.00000000e+00 0.00000000e+00 0.00000000e+00 0.00000000e+00
 0.00000000e+00 0.00000000e+00 0.00000000e+00 4.27246094e-02]

HOG feature values: (Shape:(1764,)) 
[0.35860724 0.03464479 0.         ... 0.01646327 0.01492755 0.01963302]

Image image-8.png :
Color moments [Mean, Standard deviation, Skewness]: (Shape:(8, 8, 3)) 
[[[ 1.10625000e+02  4.08432617e+01 -6.52968645e-01]
  [ 1.73968750e+02  1.65783825e+01  5.20749092e-01]
  [ 1.80437500e+02  2.70975533e+01 -1.61745042e-01]
  [ 2.08859375e+02  2.46677094e+01 -1.05666435e+00]
  [ 2.21218750e+02  7.06989384e+00 -1.32639623e+00]
  [ 1.92656250e+02  2.78821278e+01 -5.15430629e-01]
  [ 1.95937500e+02  1.84787674e+01 -3.61900479e-01]
  [ 1.00937500e+02  4.69776802e+01  4.47509974e-01]]

 [[ 1.05812500e+02  2.98170853e+01 -1.29578173e+00]
  [ 1.66609375e+02  3.75913925e+01 -1.09418941e+00]
  [ 1.64546875e+02  4.14272423e+01 -7.27698147e-01]
  [ 1.68296875e+02  1.87938480e+01  6.14182889e-01]
  [ 2.11812500e+02  1.64325085e+01 -1.00729644e+00]
  [ 1.77359375e+02  3.15537071e+01 -8.70924413e-01]
  [ 1.85500000e+02  2.92206039e+01 -1.78050125e+00]
  [ 1.02671875e+02  4.86039658e+01  1.23408623e-01]]

 [[ 1.37468750e+02  2.48231049e+01 -4.71101016e-01]
  [ 1.37484375e+02  4.10403709e+01 -3.69685858e-01]
  [ 1.65218750e+02  3.71922646e+01 -1.33370447e+00]
  [ 1.68687500e+02  1.06093636e+01 -1.65219367e+00]
  [ 2.11718750e+02  2.43249283e+01 -4.31035936e-01]
  [ 1.67140625e+02  3.49074059e+01 -5.97407877e-01]
  [ 1.52765625e+02  4.16903534e+01 -7.99633086e-01]
  [ 1.14203125e+02  6.20317879e+01  1.38605192e-01]]

 [[ 1.61890625e+02  1.93035927e+01 -9.24313426e-01]
  [ 1.98062500e+02  7.96255875e+00 -7.76489601e-02]
  [ 2.06656250e+02  9.50200462e+00  3.90983224e-01]
  [ 1.57812500e+02  3.64913826e+01 -2.10801983e+00]
  [ 1.99484375e+02  4.39985771e+01 -1.76972318e+00]
  [ 2.13250000e+02  1.00514307e+01 -9.75688815e-01]
  [ 2.15968750e+02  5.08050442e+00 -8.11576545e-02]
  [ 1.46250000e+02  6.90973053e+01 -4.57353354e-01]]

 [[ 1.52437500e+02  2.46296787e+01 -5.16754806e-01]
  [ 1.99546875e+02  7.92726660e+00 -5.97629428e-01]
  [ 2.18531250e+02  1.25249357e+01 -1.46843243e+00]
  [ 1.62281250e+02  2.57393608e+01 -4.46282953e-01]
  [ 1.79265625e+02  2.74489536e+01 -2.24058032e+00]
  [ 2.14781250e+02  2.44230099e+01 -8.56450558e-01]
  [ 2.20046875e+02  7.77300978e+00  1.21507524e-02]
  [ 1.79390625e+02  3.93500366e+01 -2.07125425e+00]]

 [[ 1.45812500e+02  2.33819332e+01 -2.74157315e-01]
  [ 1.99375000e+02  9.19833565e+00  5.72336465e-02]
  [ 2.03406250e+02  9.33695412e+00 -1.30113110e-01]
  [ 1.80015625e+02  3.64470901e+01 -6.73485935e-01]
  [ 1.90718750e+02  3.41336861e+01 -6.95062816e-01]
  [ 2.27609375e+02  8.74038219e+00 -2.50770283e+00]
  [ 2.28265625e+02  5.40035343e+00 -6.53151453e-01]
  [ 1.76312500e+02  3.93517303e+01 -1.17135477e+00]]

 [[ 1.28343750e+02  2.59435806e+01 -1.70233041e-01]
  [ 1.84718750e+02  8.34690952e+00 -5.68384886e-01]
  [ 1.80562500e+02  2.66351948e+01 -1.11143017e+00]
  [ 1.66078125e+02  3.02196655e+01 -6.05644464e-01]
  [ 1.83562500e+02  3.38719444e+01 -1.26971686e+00]
  [ 2.00828125e+02  3.03194199e+01 -9.41019416e-01]
  [ 2.24625000e+02  6.08404684e+00 -6.48680449e-01]
  [ 1.90218750e+02  2.38402691e+01 -9.88008976e-01]]

 [[ 8.95156250e+01  3.70481071e+01 -5.67795396e-01]
  [ 1.64718750e+02  1.62148361e+01 -4.51210052e-01]
  [ 1.85093750e+02  8.63444901e+00 -4.75306392e-01]
  [ 1.95390625e+02  1.00958176e+01  1.94279954e-01]
  [ 2.07265625e+02  7.61421824e+00 -7.42909014e-01]
  [ 2.24968750e+02  3.97637057e+00 -5.59488535e-02]
  [ 2.13656250e+02  1.20158997e+01 -4.39982444e-01]
  [ 7.95625000e+01  6.79884796e+01  6.08842731e-01]]]

LBP feature values: (Shape:(256,)) 
[0.02978516 0.05615234 0.         0.05444336 0.         0.00683594
 0.         0.14428711 0.         0.00219727 0.         0.00415039
 0.         0.00512695 0.         0.32080078 0.         0.00610352
 0.         0.00439453 0.         0.00048828 0.         0.00537109
 0.         0.00341797 0.         0.00195312 0.         0.0065918
 0.         0.16503906 0.         0.         0.         0.
 0.         0.         0.         0.00292969 0.         0.
 0.         0.         0.         0.         0.         0.00537109
 0.         0.         0.         0.00073242 0.         0.
 0.         0.00390625 0.         0.         0.         0.00244141
 0.         0.00366211 0.         0.0612793  0.         0.
 0.         0.         0.         0.         0.         0.
 0.         0.         0.         0.         0.         0.
 0.         0.         0.         0.         0.         0.
 0.         0.         0.         0.00048828 0.         0.
 0.         0.         0.         0.         0.         0.00488281
 0.         0.         0.         0.         0.         0.
 0.         0.         0.         0.         0.         0.
 0.         0.         0.         0.00439453 0.         0.
 0.         0.         0.         0.         0.         0.00195312
 0.         0.         0.         0.         0.         0.
 0.         0.04785156 0.         0.         0.         0.
 0.         0.         0.         0.         0.         0.
 0.         0.         0.         0.         0.         0.
 0.         0.         0.         0.         0.         0.
 0.         0.         0.         0.         0.         0.
 0.         0.         0.         0.         0.         0.
 0.         0.         0.         0.         0.         0.
 0.         0.         0.         0.         0.         0.
 0.         0.         0.         0.         0.         0.
 0.         0.         0.         0.         0.         0.
 0.         0.         0.         0.         0.         0.
 0.         0.         0.         0.         0.         0.
 0.         0.         0.         0.         0.         0.
 0.         0.         0.         0.         0.         0.
 0.         0.         0.         0.         0.         0.
 0.         0.         0.         0.         0.         0.
 0.         0.         0.         0.         0.         0.
 0.         0.         0.         0.         0.         0.
 0.         0.         0.         0.         0.         0.
 0.         0.         0.         0.         0.         0.
 0.         0.         0.         0.         0.         0.
 0.         0.         0.         0.04296875]

HOG feature values: (Shape:(1764,)) 
[0.31838108 0.07989943 0.00989413 ... 0.00281399 0.01086348 0.02236598]

Image image-9.png :
Color moments [Mean, Standard deviation, Skewness]: (Shape:(8, 8, 3)) 
[[[ 1.60531250e+02  2.62011261e+01 -8.79056573e-01]
  [ 2.11968750e+02  9.81065845e+00 -2.24091113e-01]
  [ 2.32750000e+02  5.72276163e+00  1.77575350e-02]
  [ 2.44875000e+02  7.01672125e+00 -2.78531760e-01]
  [ 2.28406250e+02  3.82720017e+00  5.85659564e-01]
  [ 2.20718750e+02  2.84203243e+00  2.28423908e-01]
  [ 2.13046875e+02  5.54647875e+00 -2.73426116e-01]
  [ 1.04796875e+02  5.66130447e+01  3.97590905e-01]]

 [[ 1.54421875e+02  1.35506048e+01  8.59481633e-01]
  [ 1.80093750e+02  2.72125416e+01 -5.14854252e-01]
  [ 1.77343750e+02  4.45141182e+01 -6.71756268e-01]
  [ 1.95531250e+02  3.37703514e+01 -9.36399519e-01]
  [ 2.26593750e+02  7.53889656e+00 -9.53042328e-01]
  [ 2.01218750e+02  3.87219543e+01 -1.34183049e+00]
  [ 1.87312500e+02  3.32842293e+01 -1.75427222e+00]
  [ 1.15562500e+02  5.94261284e+01 -1.40652433e-02]]

 [[ 1.73125000e+02  1.82418652e+01 -1.67957652e+00]
  [ 1.60781250e+02  3.33239174e+01 -1.23721421e+00]
  [ 1.65203125e+02  2.93274479e+01 -1.71102703e+00]
  [ 1.70593750e+02  1.76030178e+01 -1.00603569e+00]
  [ 2.08812500e+02  1.71972694e+01 -3.53257135e-02]
  [ 1.71578125e+02  3.24503479e+01 -7.57477999e-01]
  [ 1.86375000e+02  3.49027672e+01 -1.02020729e+00]
  [ 1.04281250e+02  6.67287979e+01  3.13450545e-01]]

 [[ 1.73046875e+02  1.21686449e+01 -9.68861938e-01]
  [ 1.92937500e+02  5.91574955e+00 -2.26722762e-01]
  [ 1.97125000e+02  5.12804794e+00 -6.95816755e-01]
  [ 1.84671875e+02  1.05134659e+01 -1.07074773e+00]
  [ 2.15078125e+02  1.74815121e+01  3.16444784e-01]
  [ 1.99515625e+02  1.58212595e+01 -3.54643203e-02]
  [ 2.08453125e+02  7.82609749e+00  1.53001213e+00]
  [ 6.84062500e+01  4.92276955e+01  1.99534225e+00]]

 [[ 1.64921875e+02  1.68080196e+01 -4.72667545e-01]
  [ 1.93968750e+02  3.88494182e+00 -2.68997103e-01]
  [ 1.98562500e+02  1.11297388e+01 -1.33136594e+00]
  [ 1.64328125e+02  2.45897942e+01 -6.11166298e-01]
  [ 2.02687500e+02  3.31129112e+01 -1.13925505e+00]
  [ 2.08890625e+02  2.31429768e+01 -1.25278807e+00]
  [ 1.92656250e+02  5.47643280e+01 -1.95923913e+00]
  [ 4.72968750e+01  2.97216082e+00  3.10533851e-01]]

 [[ 1.35375000e+02  2.71526356e+01 -6.14232242e-01]
  [ 1.81937500e+02  9.22102737e+00 -4.08295482e-01]
  [ 1.80671875e+02  2.86553078e+01 -1.43124652e+00]
  [ 1.78937500e+02  3.59226074e+01 -1.41163504e+00]
  [ 1.91000000e+02  2.53284664e+01 -5.82324207e-01]
  [ 2.12375000e+02  1.72839336e+01 -1.92244911e+00]
  [ 1.31484375e+02  8.20428619e+01 -1.71994325e-02]
  [ 4.54218750e+01  3.66062117e+00  1.69709414e-01]]

 [[ 9.69531250e+01  1.93805885e+01  6.56642675e-01]
  [ 1.41359375e+02  2.58827686e+01 -4.56563592e-01]
  [ 1.65015625e+02  1.53169556e+01 -3.74977887e-01]
  [ 1.61109375e+02  2.11069584e+01 -4.86466438e-01]
  [ 1.69921875e+02  3.09582882e+01 -7.15848863e-01]
  [ 1.73562500e+02  5.94256020e+01 -1.49261224e+00]
  [ 4.77031250e+01  3.18667564e+01  4.04507208e+00]
  [ 4.34687500e+01  3.60107946e+00 -6.47676349e-01]]

 [[ 1.29859375e+02  2.72682648e+01 -1.36462319e+00]
  [ 9.79843750e+01  1.76205597e+01  1.84899852e-01]
  [ 1.32000000e+02  2.22415714e+01 -1.11271724e-01]
  [ 1.81078125e+02  1.82639542e+01 -8.68709624e-01]
  [ 2.00453125e+02  1.52622185e+01 -5.88977635e-01]
  [ 9.49843750e+01  7.76980286e+01  1.73243642e-01]
  [ 2.89843750e+01  6.29854202e+00 -1.54327184e-01]
  [ 3.58437500e+01  4.57991123e+00 -8.95619690e-01]]]

LBP feature values: (Shape:(256,)) 
[3.61328125e-02 6.61621094e-02 0.00000000e+00 4.54101562e-02
 0.00000000e+00 8.78906250e-03 0.00000000e+00 1.47705078e-01
 0.00000000e+00 3.41796875e-03 0.00000000e+00 4.39453125e-03
 0.00000000e+00 5.12695312e-03 0.00000000e+00 2.58789062e-01
 0.00000000e+00 1.29394531e-02 0.00000000e+00 5.12695312e-03
 0.00000000e+00 1.22070312e-03 0.00000000e+00 6.10351562e-03
 0.00000000e+00 2.44140625e-03 0.00000000e+00 3.90625000e-03
 0.00000000e+00 7.32421875e-03 0.00000000e+00 1.57226562e-01
 0.00000000e+00 0.00000000e+00 0.00000000e+00 0.00000000e+00
 0.00000000e+00 0.00000000e+00 0.00000000e+00 4.63867187e-03
 0.00000000e+00 0.00000000e+00 0.00000000e+00 2.44140625e-04
 0.00000000e+00 2.44140625e-04 0.00000000e+00 4.63867187e-03
 0.00000000e+00 0.00000000e+00 0.00000000e+00 9.76562500e-04
 0.00000000e+00 4.88281250e-04 0.00000000e+00 3.41796875e-03
 0.00000000e+00 0.00000000e+00 0.00000000e+00 3.90625000e-03
 0.00000000e+00 4.63867187e-03 0.00000000e+00 6.17675781e-02
 0.00000000e+00 0.00000000e+00 0.00000000e+00 0.00000000e+00
 0.00000000e+00 0.00000000e+00 0.00000000e+00 0.00000000e+00
 0.00000000e+00 0.00000000e+00 0.00000000e+00 0.00000000e+00
 0.00000000e+00 0.00000000e+00 0.00000000e+00 0.00000000e+00
 0.00000000e+00 0.00000000e+00 0.00000000e+00 0.00000000e+00
 0.00000000e+00 0.00000000e+00 0.00000000e+00 4.88281250e-04
 0.00000000e+00 0.00000000e+00 0.00000000e+00 7.32421875e-04
 0.00000000e+00 0.00000000e+00 0.00000000e+00 7.08007812e-03
 0.00000000e+00 0.00000000e+00 0.00000000e+00 0.00000000e+00
 0.00000000e+00 0.00000000e+00 0.00000000e+00 0.00000000e+00
 0.00000000e+00 0.00000000e+00 0.00000000e+00 0.00000000e+00
 0.00000000e+00 0.00000000e+00 0.00000000e+00 3.66210937e-03
 0.00000000e+00 0.00000000e+00 0.00000000e+00 0.00000000e+00
 0.00000000e+00 0.00000000e+00 0.00000000e+00 1.46484375e-03
 0.00000000e+00 0.00000000e+00 0.00000000e+00 0.00000000e+00
 0.00000000e+00 0.00000000e+00 0.00000000e+00 6.46972656e-02
 0.00000000e+00 0.00000000e+00 0.00000000e+00 0.00000000e+00
 0.00000000e+00 0.00000000e+00 0.00000000e+00 0.00000000e+00
 0.00000000e+00 0.00000000e+00 0.00000000e+00 0.00000000e+00
 0.00000000e+00 0.00000000e+00 0.00000000e+00 0.00000000e+00
 0.00000000e+00 0.00000000e+00 0.00000000e+00 0.00000000e+00
 0.00000000e+00 0.00000000e+00 0.00000000e+00 0.00000000e+00
 0.00000000e+00 0.00000000e+00 0.00000000e+00 0.00000000e+00
 0.00000000e+00 0.00000000e+00 0.00000000e+00 0.00000000e+00
 0.00000000e+00 0.00000000e+00 0.00000000e+00 0.00000000e+00
 0.00000000e+00 0.00000000e+00 0.00000000e+00 0.00000000e+00
 0.00000000e+00 0.00000000e+00 0.00000000e+00 0.00000000e+00
 0.00000000e+00 0.00000000e+00 0.00000000e+00 0.00000000e+00
 0.00000000e+00 0.00000000e+00 0.00000000e+00 0.00000000e+00
 0.00000000e+00 0.00000000e+00 0.00000000e+00 0.00000000e+00
 0.00000000e+00 0.00000000e+00 0.00000000e+00 0.00000000e+00
 0.00000000e+00 0.00000000e+00 0.00000000e+00 0.00000000e+00
 0.00000000e+00 0.00000000e+00 0.00000000e+00 0.00000000e+00
 0.00000000e+00 0.00000000e+00 0.00000000e+00 0.00000000e+00
 0.00000000e+00 0.00000000e+00 0.00000000e+00 0.00000000e+00
 0.00000000e+00 0.00000000e+00 0.00000000e+00 0.00000000e+00
 0.00000000e+00 0.00000000e+00 0.00000000e+00 0.00000000e+00
 0.00000000e+00 0.00000000e+00 0.00000000e+00 0.00000000e+00
 0.00000000e+00 0.00000000e+00 0.00000000e+00 0.00000000e+00
 0.00000000e+00 0.00000000e+00 0.00000000e+00 0.00000000e+00
 0.00000000e+00 0.00000000e+00 0.00000000e+00 0.00000000e+00
 0.00000000e+00 0.00000000e+00 0.00000000e+00 0.00000000e+00
 0.00000000e+00 0.00000000e+00 0.00000000e+00 0.00000000e+00
 0.00000000e+00 0.00000000e+00 0.00000000e+00 0.00000000e+00
 0.00000000e+00 0.00000000e+00 0.00000000e+00 0.00000000e+00
 0.00000000e+00 0.00000000e+00 0.00000000e+00 0.00000000e+00
 0.00000000e+00 0.00000000e+00 0.00000000e+00 0.00000000e+00
 0.00000000e+00 0.00000000e+00 0.00000000e+00 6.46972656e-02]

HOG feature values: (Shape:(1764,)) 
[0.30255304 0.30255304 0.01494039 ... 0.11460565 0.09839325 0.        ]

